Skin	Heart	Brain	Muscle	Spleen	Adipose	Thyroid	Colon	Lung	Liver	Pituitary	Adrenal
MAP4K5	0	0	0	0	0	0	0	0	0	0	-1	0
TTC12	1	0	0	0	0	0	0	0	0	0	0	0
SAMD1	0	0	0	0	0	0	0	0	0	-1	0	0
LMOD1	-1	0	0	0	0	0	0	0	0	0	1	0
RHBDF2	0	0	0	0	0	0	0	0	0	0	1	0
CD53	-1	0	0	0	-1	0	-1	0	0	0	0	0
NID1	0	0	0	-1	0	0	0	0	0	0	0	0
PLPPR3	0	0	1	0	0	0	0	0	0	0	0	0
MVB12B	0	0	0	0	1	0	0	0	0	0	0	0
TOX2	0	0	0	0	0	0	-1	0	0	0	0	0
UBA3	0	0	0	0	0	-1	0	0	0	0	0	0
B3GALNT2	0	0	0	1	0	0	0	0	0	0	0	0
XRCC4	0	0	0	0	0	-1	0	0	0	0	0	0
SSH2	0	0	0	0	-1	0	0	0	0	0	0	0
ADAMTS13	0	0	0	0	0	1	1	0	0	0	0	0
WDHD1	0	0	0	0	0	0	-1	0	0	0	0	0
DPP3	0	0	0	0	0	0	0	0	-1	0	0	0
PPP1R15A	0	0	0	0	1	0	0	0	0	0	0	0
TIMP3	0	0	0	0	0	0	0	0	0	0	1	0
POLRMT	0	0	0	-1	0	0	0	0	0	0	0	0
FBXO30	0	0	0	0	0	0	0	0	0	0	-1	0
ASNS	0	0	0	0	0	0	0	0	0	0	0	-1
ZBTB40	0	0	0	0	0	0	0	0	0	0	-1	0
RSBN1	0	0	0	0	0	0	0	0	0	0	-1	0
RRP8	0	0	0	-1	0	0	0	0	0	0	0	0
FAM102A	0	0	1	0	0	0	0	0	0	0	0	0
PIP4K2B	0	0	0	1	0	0	0	0	0	0	0	0
SLC39A14	0	0	-1	0	0	0	0	0	0	0	0	0
SOD3	-1	0	0	0	0	0	0	-1	0	0	0	0
TNS2	0	0	0	0	0	0	0	0	0	0	1	1
MAPK8	0	0	0	1	0	0	0	0	0	0	0	-1
MVK	0	0	0	0	0	0	0	0	-1	0	0	0
KLHDC2	0	0	0	1	0	0	0	0	0	0	-1	0
TSPAN14	0	0	0	0	0	0	0	0	0	0	1	0
PAPLN	0	1	0	0	0	0	0	0	0	0	0	0
SSR4	0	0	0	0	0	0	0	0	0	1	0	0
SYBU	-1	0	0	0	0	0	-1	0	0	0	0	0
AP3M1	0	0	0	0	0	0	0	0	0	0	-1	-1
PXMP2	0	0	0	0	0	0	0	0	0	0	1	0
NSDHL	0	0	0	0	0	0	0	0	0	0	0	-1
UBE2G1	0	0	0	0	0	0	1	0	0	0	0	0
TCEA3	0	1	0	0	0	0	0	0	0	0	0	0
MASP1	-1	0	0	0	0	0	0	0	0	0	0	0
INPPL1	0	1	0	0	0	0	0	0	0	0	0	0
ARL1	0	0	0	0	0	0	0	0	0	0	0	-1
MAP3K3	0	0	0	0	0	0	0	0	0	0	0	1
POLR3D	0	0	0	0	0	-1	0	0	0	0	0	0
PXDC1	0	0	0	-1	0	0	0	0	0	-1	0	0
SCRN2	0	0	0	0	0	0	0	0	0	0	0	1
PDE4B	0	0	0	0	0	1	1	0	0	0	0	0
ALDH3B1	-1	0	0	0	0	0	0	0	0	0	0	0
SPOCK3	0	0	0	0	0	0	1	0	0	0	0	0
PLA1A	-1	0	0	0	0	0	0	0	0	0	0	0
RSPO3	0	0	0	0	0	0	0	0	1	0	0	0
SLIT2	0	0	0	0	0	0	1	0	0	0	0	0
PRPF39	0	0	0	0	0	0	0	0	0	0	-1	0
ZCCHC11	0	0	0	0	0	0	0	0	0	-1	-1	0
SLIRP	0	0	0	0	0	-1	0	0	0	0	0	0
PLIN3	0	-1	0	0	0	0	0	0	0	0	0	0
C2CD3	0	0	0	0	0	0	0	0	0	0	-1	0
TCF3	0	0	0	0	0	0	0	0	0	0	0	1
EMILIN3	0	0	0	0	0	0	0	0	0	0	1	0
ORMDL3	0	0	0	0	0	0	0	0	0	0	0	1
CREBRF	0	0	0	0	-1	0	0	0	0	0	0	0
HSDL2	0	0	-1	1	0	0	0	0	0	0	0	0
FSCN1	0	0	1	0	0	0	0	0	0	0	0	0
ADTRP	1	0	0	0	0	0	0	0	0	0	0	0
MAZ	0	0	0	0	1	0	0	0	0	0	0	0
OS9	0	0	0	0	0	0	0	0	0	0	0	1
LEF1	0	0	0	0	0	0	0	0	0	0	1	0
CXorf21	-1	0	0	0	0	0	0	0	0	0	0	0
NAPA	0	0	0	0	1	0	0	0	0	0	0	0
PSRC1	0	0	0	0	1	0	0	0	0	0	0	0
MPPED1	0	0	1	0	0	0	0	0	0	0	0	0
UGP2	0	0	0	0	0	0	0	0	0	1	0	0
LMNB2	0	0	0	0	0	-1	0	0	0	0	0	0
XPA	0	0	0	1	0	0	0	0	0	0	0	0
ATOH8	-1	0	0	0	0	0	0	-1	0	0	0	0
SCN1B	0	0	0	0	1	0	0	0	0	0	0	0
GEMIN5	0	0	0	0	0	-1	0	0	0	0	0	0
LPXN	0	0	0	0	0	1	0	0	0	0	0	0
ADAM8	0	0	0	0	0	0	-1	0	0	0	0	0
EIF3M	0	0	0	0	0	-1	0	0	0	0	0	0
MED11	0	1	0	0	0	0	0	0	0	0	0	0
CX3CL1	0	0	0	0	0	0	0	0	0	0	1	0
AGPAT2	0	0	0	-1	0	0	0	0	0	0	1	0
NDUFB9	0	0	0	1	0	-1	0	0	0	0	0	0
SLC25A32	0	0	0	0	0	-1	0	0	0	0	0	0
MROH1	0	0	0	0	0	0	-1	0	0	0	0	0
CCL17	0	0	0	0	0	0	0	0	-1	0	0	0
SP9	0	0	1	0	0	0	0	0	0	0	0	0
PRELID1	0	-1	0	-1	0	0	0	0	0	0	0	0
MAPK4	0	0	0	0	0	0	0	0	0	0	1	0
RHBDL3	0	0	0	0	0	1	0	0	0	0	0	0
CDH18	0	0	0	0	0	0	0	0	0	0	0	-1
KCNAB2	0	0	0	0	0	0	0	0	0	0	1	0
ESRP2	0	0	0	0	0	0	0	0	-1	0	0	0
MRPL22	0	0	0	0	0	-1	0	0	0	0	0	0
MRPL28	0	0	0	0	1	0	0	0	0	0	0	0
TCN2	0	0	0	0	0	0	0	-1	0	0	0	0
TASP1	0	0	0	0	0	0	0	0	0	1	0	0
PLEKHG1	0	0	-1	0	0	0	1	0	0	0	0	0
FAM69B	0	0	0	0	0	0	1	0	0	0	0	0
PES1	0	0	0	0	0	-1	0	0	0	0	0	0
TBCEL	0	0	0	0	0	1	0	0	0	0	0	0
PTPRF	0	0	0	0	0	0	0	0	0	0	1	0
CHADL	0	0	0	0	0	0	0	0	0	0	1	0
MAP4K1	0	0	0	0	0	1	-1	0	0	0	0	0
PGGT1B	0	0	0	0	0	-1	0	0	0	0	0	0
PI4KA	0	0	0	0	0	1	0	0	0	0	0	0
IKZF3	0	0	0	0	0	0	-1	0	0	0	0	0
FAR2	0	0	0	0	0	0	0	0	0	0	1	0
TRMT1L	0	0	0	0	0	0	0	0	0	0	-1	0
STAP2	0	0	0	0	0	0	0	0	0	0	0	1
HELZ2	0	0	0	0	0	0	0	0	0	0	0	1
ERGIC2	0	-1	0	0	0	0	0	0	0	0	0	0
WFDC2	0	0	0	0	0	0	0	0	0	0	1	0
MN1	0	0	0	0	0	0	0	0	1	0	1	0
CD163	-1	0	0	-1	0	0	0	0	0	0	0	0
SLC4A7	0	0	0	0	-1	0	0	0	0	0	0	0
MIDN	0	0	0	0	0	-1	0	0	0	0	0	0
EDN1	-1	0	0	0	0	0	0	0	0	0	0	0
LRRC45	0	0	0	0	0	0	0	0	0	0	0	1
LARS	0	-1	0	0	0	0	0	0	0	0	-1	0
SLC26A11	0	0	0	0	0	1	0	0	0	0	0	0
ADORA1	0	0	0	0	0	0	0	0	0	0	1	0
C1QBP	0	0	0	0	0	-1	0	0	0	0	0	0
PCDH12	0	0	0	0	0	1	0	0	0	0	0	0
IER5L	0	0	0	0	1	0	0	0	0	0	1	0
TMEM88	0	0	0	0	0	0	0	-1	0	0	0	0
DIAPH1	0	0	0	0	0	1	0	0	0	0	0	0
CD276	0	0	0	0	1	0	0	0	0	1	0	0
RAB11FIP2	0	0	0	0	-1	0	1	0	0	0	-1	0
LIN7B	0	0	0	0	0	1	0	0	0	0	0	0
CD69	0	0	0	0	0	1	0	1	0	0	0	0
PPP1R26	0	0	0	0	0	0	1	0	0	0	0	0
ABHD15	0	0	-1	0	0	0	0	0	0	0	1	0
USP31	0	0	0	0	0	0	0	0	1	0	0	0
DSP	0	0	0	0	0	0	0	0	0	0	1	0
PPP1R12C	-1	0	0	0	0	0	0	0	0	0	0	0
GABRE	0	0	0	0	0	0	0	-1	0	0	0	0
ARTN	0	0	0	0	0	0	0	0	0	0	1	0
C1QB	0	0	0	-1	0	0	0	0	0	0	0	0
ZBTB16	-1	-1	0	0	-1	0	0	0	0	0	0	0
IKZF2	0	0	0	0	-1	0	0	0	0	0	0	0
NR6A1	0	0	0	0	0	0	-1	0	0	0	0	0
SIX5	0	0	0	-1	0	0	0	0	0	0	0	1
PNCK	-1	0	0	0	0	0	0	0	0	0	0	0
BRIX1	0	0	0	0	0	-1	0	0	0	0	0	0
TNNT2	0	0	0	0	0	0	0	0	0	0	1	0
FAM169A	0	0	0	0	0	0	0	0	0	0	0	-1
EVL	0	0	0	1	0	1	0	0	0	0	0	0
TSKU	0	0	0	0	0	0	0	0	0	-1	0	0
ACLY	0	0	0	-1	0	-1	0	0	0	0	0	0
PELI2	0	0	0	0	0	1	0	0	0	0	0	0
DUSP3	0	0	0	1	1	0	0	0	0	0	0	0
GAMT	0	0	0	0	0	0	0	0	0	0	1	0
TAGLN	0	0	0	0	0	-1	0	0	0	0	0	0
GNG8	0	0	0	0	0	0	0	0	0	0	1	0
RNF157	-1	0	0	0	0	0	0	0	0	0	0	0
ZNF185	0	0	0	0	0	1	0	0	0	0	0	-1
POU2AF1	0	0	0	0	0	0	0	1	0	0	0	0
IGF2	-1	0	0	0	0	0	0	0	0	0	1	0
CLEC3B	0	0	0	0	0	0	0	0	0	0	1	0
NR2F6	0	0	0	0	1	0	0	0	0	0	0	0
KCNN4	0	0	0	0	0	1	-1	0	0	0	0	0
PRMT3	0	0	0	0	0	-1	0	0	0	0	-1	0
IRS1	0	0	0	0	0	-1	0	0	0	0	-1	0
RAB3IP	0	0	0	-1	0	0	0	0	0	0	0	0
OTUB2	0	0	0	0	0	0	0	0	0	-1	0	0
ST7	0	0	0	0	0	0	1	0	0	0	-1	0
ADD3	0	0	0	0	-1	0	0	0	0	0	0	0
PCYT2	0	0	0	0	0	-1	0	0	-1	-1	0	0
RPS6KA5	0	0	0	0	0	1	0	0	0	0	0	0
CEP164	0	0	0	0	0	0	0	0	0	0	-1	0
RTN4RL2	0	0	0	0	0	0	1	0	0	0	0	0
SESN3	0	0	0	0	0	0	1	0	0	0	0	0
QKI	0	0	0	1	0	0	0	0	0	0	0	0
FHOD1	0	0	0	1	0	0	0	0	0	0	0	0
ANO8	0	0	0	0	0	0	0	0	0	-1	0	0
COQ4	1	0	0	0	0	0	0	0	0	0	0	0
FCHSD1	0	0	0	0	0	0	0	0	0	0	0	1
PCSK7	0	0	1	0	0	0	0	0	0	0	0	0
SYNE3	-1	0	0	0	0	0	0	0	0	1	1	0
LRRC41	0	0	0	0	1	-1	0	0	0	0	0	0
TTLL5	0	-1	0	0	0	0	0	0	0	0	0	0
ZNF462	1	0	0	0	0	0	0	0	0	0	0	0
THBS4	0	0	0	0	0	0	0	0	0	0	0	1
NFKBIA	0	0	0	-1	0	0	0	0	0	0	0	0
NELL1	0	0	0	0	0	0	0	0	0	0	1	0
TSPAN33	0	0	0	0	0	0	0	0	0	0	1	0
ATP6V1B2	0	0	0	0	0	0	0	0	0	0	0	-1
LASP1	0	0	0	0	1	0	0	0	0	0	0	0
CD22	0	0	0	0	0	1	0	0	0	0	0	0
SYT11	-1	0	0	0	0	0	0	0	0	0	0	0
GNAI1	0	0	0	0	0	0	0	0	0	1	0	0
LYRM7	0	0	0	0	-1	0	0	0	0	0	0	0
HSD3B7	0	0	0	0	1	0	0	0	0	0	0	0
HSPBAP1	0	0	0	0	0	1	0	0	0	0	0	0
GAR1	0	0	0	0	0	-1	0	0	0	0	0	0
CEBPA	0	0	0	0	1	0	0	0	0	0	0	0
FGD5	0	0	0	0	0	0	0	0	0	0	1	0
CCT2	0	-1	0	0	0	-1	0	0	0	0	0	0
RBFOX3	0	0	0	0	1	0	0	0	0	0	0	0
ENGASE	0	0	0	0	0	1	0	0	0	0	0	0
NTMT1	0	0	0	0	0	-1	0	0	0	0	0	0
ANKRD9	0	0	0	0	0	0	0	0	0	0	1	0
TFPT	0	0	0	0	1	0	0	0	0	0	0	0
FAM114A2	0	0	0	0	0	0	0	0	0	0	-1	0
STOML1	0	0	0	0	0	0	0	0	-1	0	0	0
CYGB	0	0	0	0	0	0	0	0	0	0	1	0
RALGPS1	0	1	0	0	0	0	0	0	0	0	0	0
TMEM126A	0	0	0	0	0	-1	0	0	0	0	0	0
ACVRL1	-1	0	0	0	1	0	0	0	0	0	0	0
EIF2B1	0	0	0	0	0	0	0	0	0	0	-1	0
OAZ3	1	0	0	0	0	0	0	0	0	0	0	0
ATP2A2	0	0	0	0	0	0	0	0	0	0	0	-1
CEP295	0	0	0	0	0	0	0	0	0	0	-1	0
NUP62	0	0	0	-1	0	-1	0	0	0	0	0	0
KIF2C	1	0	0	0	0	0	0	0	0	0	0	0
MED25	0	0	0	0	0	0	0	0	0	0	0	1
SNCAIP	0	0	0	0	0	1	0	0	0	0	0	0
FER	0	0	0	0	0	0	0	0	0	0	0	-1
SMG6	0	0	0	0	0	1	0	0	0	0	0	1
JMJD4	0	0	0	0	0	0	1	0	0	0	0	0
PPP6C	0	0	0	0	0	-1	0	0	0	0	0	0
MPDZ	0	0	0	1	0	0	0	0	0	0	0	0
VPS45	0	0	0	0	0	0	0	0	0	0	-1	0
HMBS	0	0	0	0	0	-1	0	0	0	0	0	0
BCL2L1	0	-1	0	-1	1	0	0	0	0	0	0	0
TRAK1	0	0	0	1	0	0	0	0	0	0	0	0
MKS1	0	0	0	0	0	0	0	0	0	0	0	1
RYR1	0	0	0	1	0	0	0	0	0	0	0	0
GRAMD1A	0	0	0	0	0	0	0	0	0	0	0	1
MAGI1	0	0	0	1	0	1	0	0	0	0	0	0
ATAD2B	0	0	0	0	0	0	0	0	0	0	-1	0
KIAA1191	0	0	0	0	0	0	1	0	0	0	0	0
BBS2	0	0	0	0	0	0	0	-1	0	0	0	0
TBXAS1	-1	0	0	0	0	0	0	0	0	-1	1	0
PAIP1	0	0	0	1	0	0	0	0	0	0	0	0
CDKN2AIPNL	0	0	0	1	0	0	0	0	0	0	0	0
SMPDL3A	0	0	0	0	0	0	0	0	0	0	-1	0
ACACA	0	0	0	-1	0	0	0	0	0	0	0	0
CD40	0	0	0	0	0	0	0	0	0	0	1	0
SLC7A5	0	0	0	0	0	-1	0	0	0	-1	0	0
FRMPD4	0	0	0	0	0	0	0	0	0	0	-1	0
PTPDC1	0	0	0	0	0	0	0	-1	0	0	0	0
AACS	0	1	0	0	0	-1	0	0	0	-1	0	0
LIN37	0	0	0	-1	0	0	0	0	-1	0	0	0
ALPL	0	0	0	0	0	-1	0	-1	0	0	0	0
SIRT6	0	0	0	0	0	0	0	0	0	0	0	1
ERLIN1	0	0	0	0	0	0	0	0	0	0	-1	0
MAML2	0	0	0	0	-1	1	0	0	0	0	0	0
TDP2	0	0	-1	0	0	0	0	0	0	0	-1	0
FAM171B	0	0	-1	0	0	0	0	0	0	0	0	0
NLK	0	0	0	0	0	0	0	0	0	1	0	0
IL17RE	0	0	0	0	0	1	0	0	0	0	0	0
EIF2B3	1	0	0	0	0	0	0	0	0	0	0	-1
NUAK1	0	0	0	-1	0	0	0	0	0	0	0	0
KANSL1L	0	0	0	0	-1	0	0	0	0	0	0	0
LPAR1	0	0	0	0	0	0	0	0	0	0	1	0
ZXDC	0	0	0	0	0	-1	0	0	0	0	0	0
GDF15	0	0	0	0	1	0	0	0	0	0	0	0
GNB4	0	0	0	0	0	1	0	0	0	0	0	0
JAK1	0	0	0	1	0	0	0	0	0	0	0	0
ACSS3	0	0	-1	0	0	0	0	0	0	0	0	0
HECTD4	0	0	1	0	0	1	0	0	1	0	0	0
ADGRD1	0	1	0	0	0	0	0	0	0	0	1	0
BCL11B	0	0	0	0	0	0	-1	0	0	0	0	0
MRI1	0	0	0	0	0	0	0	0	-1	0	0	1
PSMD8	0	0	0	0	0	-1	0	0	0	0	0	0
CCM2L	0	0	0	0	0	0	0	-1	0	0	0	0
TOR1A	0	0	0	-1	0	0	0	0	0	0	0	0
SLC2A8	0	0	0	0	1	0	0	0	0	0	0	1
TMC8	0	0	0	0	0	1	0	0	0	0	0	0
MZB1	0	0	0	0	0	0	0	1	0	0	0	0
KCNT1	0	0	0	0	0	0	0	0	0	0	-1	0
ANGPT4	-1	0	0	0	0	0	0	0	0	0	0	0
TAGLN2	0	0	0	0	0	0	0	0	0	0	1	0
EVPL	0	0	0	0	0	0	0	0	0	0	0	1
STXBP2	0	0	0	0	0	0	-1	0	0	0	0	1
SCN7A	-1	0	0	0	0	0	0	0	0	0	0	0
SPEF2	0	0	0	0	-1	0	0	0	0	0	0	0
GNG4	0	0	1	0	0	0	0	0	0	0	0	0
TPCN1	0	1	0	0	0	0	0	0	0	0	0	0
ACBD4	0	0	0	0	0	1	0	0	0	0	0	0
SMARCC2	0	0	0	0	0	1	0	0	0	0	0	0
FGFRL1	-1	0	0	0	0	0	0	0	0	0	0	0
TM6SF1	-1	0	0	0	0	0	0	0	0	0	0	0
EEF2K	0	0	0	0	0	0	-1	0	0	0	0	0
PNPLA8	0	0	-1	0	0	0	0	0	0	0	0	0
RIN3	0	0	0	0	0	0	0	0	0	0	1	0
STON2	0	0	-1	0	0	0	1	0	0	0	0	0
EMP3	0	0	0	0	0	0	0	0	0	0	0	1
REM1	0	0	0	0	0	1	0	0	0	0	0	0
NPHP1	0	-1	0	0	0	0	0	0	0	0	0	0
EFR3B	0	0	0	0	0	0	0	0	0	0	-1	0
STUB1	0	0	0	0	1	0	0	0	0	0	0	0
GNB5	0	0	0	0	0	0	0	0	0	0	-1	0
YTHDC1	0	0	0	0	-1	0	0	0	0	0	-1	0
EZH1	0	0	0	0	0	1	0	0	0	0	0	0
LMOD3	0	0	0	1	0	0	0	0	0	0	0	0
CDC42SE2	0	0	0	0	-1	0	0	0	0	0	0	0
MAPK9	0	0	0	0	0	0	1	0	0	0	0	0
SLAMF8	-1	0	0	0	0	0	0	0	-1	0	0	0
HCRTR1	0	0	0	0	0	0	-1	0	0	0	0	0
TRIB1	0	0	0	1	0	-1	0	0	0	1	0	0
KCTD20	0	0	0	0	0	0	0	1	0	0	0	0
ORMDL1	0	0	0	0	0	0	0	0	0	0	-1	0
CHN1	0	0	0	0	0	0	0	-1	0	0	0	0
FOXO1	-1	0	0	0	-1	0	0	0	0	0	0	0
TRIM44	0	0	0	0	0	-1	0	0	0	0	0	0
ATP10A	0	0	0	0	0	0	-1	0	0	0	1	0
ABHD18	0	0	0	0	0	0	0	0	0	1	0	0
EPS15L1	0	0	0	-1	0	0	0	0	0	0	0	0
SQSTM1	0	0	0	0	1	0	0	0	0	0	0	0
NCOA2	0	0	0	0	0	0	0	0	0	0	-1	0
PPP1R15B	0	0	0	0	0	-1	0	0	0	0	0	0
APBA1	-1	0	0	0	0	0	0	0	0	0	0	0
SLC25A39	0	0	0	0	1	0	0	0	0	0	0	0
NPB	0	0	1	0	0	0	0	0	0	0	0	0
TNFAIP2	0	1	0	0	0	0	0	0	0	0	1	1
BCL3	0	0	0	0	1	-1	0	0	0	0	0	1
NRDE2	0	1	0	0	0	0	0	0	0	0	0	0
CRAT	0	0	0	0	0	0	0	0	0	0	1	0
FAM216A	0	-1	0	0	0	0	0	0	0	0	0	0
PKHD1L1	0	0	0	0	0	1	0	0	0	0	0	0
TRAF4	0	0	1	0	0	-1	0	0	0	0	0	0
C3orf70	0	0	0	0	0	0	0	1	0	0	0	0
ZNF566	0	0	0	0	-1	0	0	0	0	0	0	0
PDZD8	0	0	0	0	0	0	0	0	1	0	0	0
PTCD2	0	0	0	1	0	0	0	0	0	0	0	0
C14orf28	0	0	0	0	0	0	0	0	0	0	-1	0
TRMT1	0	0	0	0	0	-1	0	0	0	0	0	0
WDR19	0	0	0	0	0	0	0	0	0	0	-1	0
COBL	0	0	1	0	0	0	0	0	0	0	0	0
POLG2	0	0	0	0	-1	0	0	0	0	0	0	0
MILR1	0	0	0	0	0	0	0	0	-1	0	0	0
RASIP1	0	0	0	0	1	0	0	0	0	0	0	0
ABHD3	0	0	0	0	0	0	-1	0	0	0	0	0
HDC	0	0	0	0	0	1	0	0	0	0	0	0
DPM2	0	0	0	-1	0	0	0	0	0	0	0	0
AKT3	0	0	0	0	-1	0	0	0	0	0	0	0
TGFB2	0	0	-1	0	0	0	0	0	0	0	0	0
ZNF358	0	0	0	1	0	0	0	0	0	0	0	0
CPNE5	0	0	0	0	0	0	0	0	0	0	1	0
KBTBD8	0	0	0	0	-1	0	0	0	0	0	0	0
EDNRB	-1	0	0	0	0	0	0	0	0	0	0	0
BATF2	0	0	0	0	0	0	0	0	0	0	0	1
MRPL50	0	0	0	0	0	-1	0	0	0	0	0	0
SCN2A	0	0	0	0	0	0	0	0	0	0	-1	0
PIK3CD	0	0	0	0	1	0	0	0	0	0	0	0
SLC22A23	0	0	0	0	1	0	0	0	0	0	0	0
FAM214B	0	0	0	0	1	0	0	0	0	0	0	0
SS18L2	0	0	0	0	0	-1	0	0	0	0	0	0
ADGRL1	0	1	0	0	0	0	0	0	0	0	0	0
PIK3C2B	0	1	0	0	0	0	0	0	1	0	0	0
SORCS1	0	0	0	0	0	0	0	0	0	0	1	0
FLT3LG	0	0	0	0	0	0	0	0	0	0	1	1
RPTOR	0	0	0	0	1	0	1	0	0	0	0	0
SECISBP2	0	0	0	0	0	0	0	0	0	0	-1	0
HCK	0	0	0	0	0	0	-1	0	0	0	0	0
QSOX2	0	0	0	-1	0	0	0	0	0	0	0	0
UST	0	0	0	0	0	1	0	0	0	0	0	0
TTC7B	0	0	0	0	1	0	0	0	0	0	0	0
KCNK13	0	0	0	0	0	0	0	0	-1	0	0	0
DACT3	0	0	0	0	0	0	0	0	0	0	1	0
FAM213A	0	0	0	0	0	0	0	0	0	0	1	0
GPR180	0	0	0	0	0	0	0	0	0	0	-1	-1
EBAG9	0	0	0	0	-1	0	0	0	0	0	0	0
TRIM47	0	0	0	0	1	0	0	0	0	0	0	0
CLDN1	0	0	0	0	0	1	0	0	0	0	0	0
MREG	0	0	0	0	-1	0	0	0	0	0	0	0
SERINC5	0	0	0	0	0	0	0	0	0	1	0	0
LRRTM2	0	0	0	0	0	0	0	0	0	0	-1	0
IRF2BP1	0	0	0	0	0	0	0	0	0	0	0	1
FAM210B	0	0	0	1	0	0	0	0	0	0	0	0
NGFR	0	0	0	0	0	-1	0	0	0	0	0	0
LURAP1	0	1	0	0	0	0	0	0	0	0	0	0
POMGNT1	0	0	0	0	1	0	0	0	0	0	0	0
AASDH	0	0	0	0	0	0	0	0	0	0	-1	0
PHACTR2	0	0	0	0	0	1	0	0	0	0	0	0
EDN3	0	0	0	0	0	0	1	0	0	0	0	0
HSPBP1	0	0	0	0	0	-1	0	0	0	0	0	0
TMEFF2	-1	0	0	0	0	0	0	0	0	0	0	0
SLC37A2	0	0	0	0	1	0	0	0	0	-1	1	0
POP7	0	0	0	0	0	-1	0	0	0	0	0	0
SPG7	0	1	0	0	0	1	0	0	0	0	0	0
TNNC1	0	0	0	0	0	0	1	0	0	0	0	0
WDR36	0	0	0	0	0	-1	0	0	0	0	-1	0
SIL1	0	0	0	0	0	0	0	0	0	1	0	0
MMP14	0	0	0	-1	0	0	0	0	0	0	0	1
CDK5RAP2	0	0	0	0	0	0	0	0	0	0	-1	0
ADAMTSL4	0	0	0	0	0	0	0	0	0	0	0	1
PSMC2	0	0	0	0	0	-1	0	0	0	0	0	0
TKT	0	0	0	-1	0	-1	0	0	0	0	1	0
TMEM94	0	0	0	0	0	0	0	0	0	0	-1	0
TCF21	0	0	0	0	0	0	0	0	0	0	1	0
PEAR1	-1	0	0	0	0	0	0	0	0	0	0	0
USP24	0	0	0	0	-1	0	0	0	0	0	0	0
PDP1	0	0	0	1	0	0	0	0	-1	0	0	0
UBR5	0	0	0	0	0	0	0	0	1	0	0	0
CCT4	0	0	0	0	0	0	0	0	0	0	0	-1
ZNF575	0	0	1	0	0	0	0	0	0	0	0	0
TAC1	0	0	0	0	0	0	0	0	0	0	1	0
AXIN2	0	0	0	0	0	0	-1	0	0	0	0	1
ADCY5	-1	0	0	0	0	0	0	0	0	0	0	0
ARRB1	0	0	0	0	1	0	0	0	0	0	0	0
CGN	0	0	1	0	0	0	0	0	0	0	1	0
RFNG	0	0	0	0	1	0	0	0	0	0	0	0
RHOD	1	0	0	0	0	0	0	0	0	0	0	0
NOTUM	0	0	0	0	0	0	-1	0	0	0	0	0
DERL2	0	-1	0	0	0	0	0	0	0	0	0	0
PYCR1	0	0	0	0	1	0	0	0	0	0	0	0
FCGRT	0	0	0	0	0	0	0	0	0	0	1	0
BAHCC1	0	0	0	0	0	0	0	0	0	0	1	0
NR3C1	0	0	0	0	0	0	0	0	0	0	1	0
LATS1	0	0	0	0	0	0	0	0	0	0	-1	0
LGALS8	0	0	0	0	0	0	0	0	0	1	0	0
DAAM1	0	0	0	0	0	0	0	0	0	0	-1	0
NDUFS7	0	0	0	0	1	0	0	0	0	0	0	0
CSRP1	0	0	0	0	0	0	0	0	0	0	1	0
OSGEP	0	0	0	1	0	0	0	0	0	0	0	0
PHOSPHO1	0	0	0	0	0	0	0	-1	0	0	0	0
H2AFX	0	0	0	0	0	0	0	0	0	0	1	0
COG7	0	0	0	0	0	1	0	0	0	0	0	0
FOXP1	1	0	0	0	0	0	0	0	0	0	0	0
DPF3	0	0	0	0	0	0	0	0	0	0	1	0
SNRNP35	0	0	0	1	0	0	-1	0	0	0	0	0
SFMBT1	1	0	0	0	0	0	0	0	0	0	0	0
TSR3	0	0	0	1	0	0	0	0	0	0	0	0
PLEKHA4	0	0	0	0	1	0	0	0	0	0	0	1
EPHX4	0	0	0	0	0	0	0	0	0	0	-1	0
FASN	0	0	1	-1	0	0	0	0	0	0	0	0
TBC1D2B	0	0	0	0	0	0	0	0	0	0	1	0
NOL11	0	0	0	0	0	0	0	0	0	0	-1	0
MYLK	0	0	0	0	0	0	0	0	0	0	1	0
PITPNC1	0	0	-1	0	0	0	0	0	0	0	0	0
VSTM4	0	0	0	0	0	0	0	0	0	0	1	0
ARHGEF2	0	0	0	0	0	0	0	0	0	0	1	0
ALG11	0	-1	0	0	0	0	0	0	0	0	0	0
PHLDB3	0	0	0	0	0	0	0	0	0	0	1	0
ATM	0	0	0	0	-1	0	-1	0	0	0	0	0
CYP4B1	-1	0	0	0	0	0	0	0	0	0	1	0
SAMD4A	0	0	0	1	0	0	0	0	0	0	0	0
AREL1	1	0	0	0	0	0	0	0	0	0	0	0
ANGPT1	0	0	0	0	0	0	0	0	0	0	-1	0
POC1A	0	0	0	0	0	-1	0	0	0	0	0	0
PPIP5K2	0	0	0	0	0	0	0	0	-1	0	0	0
MRPL24	0	0	0	0	0	-1	0	0	0	0	0	0
CLDN11	-1	0	0	0	0	0	0	0	0	0	0	1
BMPR1B	0	0	-1	0	0	0	1	0	0	0	0	0
TCIRG1	0	0	0	0	1	0	0	0	0	0	0	0
OAT	0	0	0	0	0	1	0	0	0	0	0	0
PRPF4B	0	0	0	0	0	0	0	0	0	0	-1	0
RGS7	0	0	0	0	0	0	0	0	0	0	0	-1
IL1RL1	-1	0	0	0	0	0	0	0	0	0	0	0
TPP2	0	0	0	1	0	0	0	0	0	0	0	0
RYR2	0	0	0	0	0	0	0	0	0	0	-1	0
ZMYM2	0	0	0	0	0	0	0	1	0	1	0	0
FAM98A	0	0	0	0	0	0	0	0	0	0	-1	0
DAB2IP	0	0	0	-1	0	0	0	0	0	0	0	0
RBM14	0	0	0	0	0	0	-1	0	0	0	0	0
ALDH1A3	0	0	0	0	0	0	0	-1	0	0	0	0
PLCD4	0	0	0	0	0	1	0	0	0	0	0	0
TMED5	0	0	0	0	0	-1	0	0	0	0	0	0
OAF	0	0	0	0	1	0	0	0	0	0	1	0
EDC3	0	0	0	0	0	0	0	0	0	0	-1	0
CEPT1	0	0	0	0	0	0	0	0	0	0	-1	0
ACTR2	0	0	0	0	0	0	0	0	0	0	0	-1
ANP32E	0	0	-1	0	0	0	0	0	0	0	0	-1
TYROBP	-1	0	0	0	0	0	-1	0	0	0	1	0
LETMD1	0	0	0	0	0	0	0	0	0	0	-1	0
CADM3	-1	0	0	0	0	0	0	0	0	0	0	0
MUT	0	0	-1	0	0	0	0	0	0	0	0	0
TSHZ1	0	0	0	0	0	0	0	0	0	0	0	1
FJX1	0	0	0	0	0	-1	0	0	0	0	1	0
ERP44	0	0	0	0	0	-1	0	0	0	0	0	0
HNRNPA2B1	0	0	0	0	0	-1	0	0	0	0	0	0
KIF13A	0	0	0	1	0	0	0	0	0	0	0	1
CCDC51	0	0	0	0	0	-1	0	0	0	0	0	0
PMP22	0	0	0	0	0	0	0	0	0	0	1	0
BAHD1	0	0	0	-1	0	0	0	0	0	0	0	0
CYBA	0	0	0	0	0	0	0	0	0	0	1	0
BAG2	0	0	0	0	0	0	0	0	0	0	0	-1
TNFRSF13B	0	0	0	0	0	0	0	1	0	0	0	0
REEP1	0	0	0	0	0	0	0	0	0	0	0	-1
SSPN	0	0	0	0	0	1	1	0	0	0	0	0
MICAL2	0	0	0	-1	0	0	0	0	0	0	0	-1
GPR155	0	0	0	1	0	0	0	0	0	0	0	0
ZNF329	0	0	0	0	0	0	0	0	0	0	-1	0
STK4	0	0	0	0	0	1	0	0	0	0	0	0
AJAP1	0	0	0	0	0	0	0	0	0	0	1	0
TMEM170B	0	0	0	0	0	0	0	0	0	0	-1	0
CCKBR	0	0	1	0	0	0	0	0	0	0	0	0
NOTCH1	0	0	0	0	0	0	0	0	0	0	1	0
LRRK1	0	0	0	-1	0	0	0	0	0	0	0	0
LENG1	0	0	0	0	0	0	0	0	0	-1	0	0
CBX4	0	0	0	-1	0	0	0	0	0	0	0	0
CARD9	0	0	0	0	1	0	0	0	0	0	0	0
NACC2	0	0	0	0	1	0	0	0	0	0	1	1
MED16	0	0	0	0	1	0	0	0	0	0	0	0
SRSF2	0	0	0	0	0	-1	0	0	0	0	0	0
MCAM	0	0	0	0	0	0	0	0	0	0	1	0
HAGH	0	0	0	0	1	0	0	0	0	0	0	0
RSPO4	-1	0	0	0	0	0	0	0	0	0	0	0
CCDC153	0	0	0	0	0	0	0	0	0	0	1	0
SRP72	0	0	0	0	0	-1	0	0	0	0	0	0
ADCY7	0	0	0	0	0	0	0	0	0	0	1	0
TMEM121	0	0	1	0	0	0	0	0	0	0	0	0
C1QL1	0	0	1	0	0	0	0	0	0	0	0	0
PPP1R1B	0	0	0	0	0	0	0	0	0	0	1	0
ACKR4	0	0	0	0	0	1	0	0	0	0	0	0
ATP11C	0	0	0	0	0	0	0	0	0	1	0	0
ITIH5	0	0	0	0	0	0	0	0	0	0	1	1
LRRC71	0	0	0	0	0	0	0	0	0	0	1	0
ITGA6	0	0	0	0	0	0	0	0	0	1	0	0
HID1	0	0	1	0	0	0	0	0	0	0	0	0
ASTN2	0	0	0	0	0	0	0	0	0	0	1	-1
LYPD6	0	0	0	0	0	0	0	0	0	0	0	-1
CSRNP3	0	0	0	0	0	0	0	0	0	0	-1	0
ISLR	0	0	0	0	0	0	0	0	0	0	1	0
SAP25	0	0	0	0	0	1	0	0	0	0	0	0
RNF219	0	0	0	0	0	0	0	0	0	0	-1	0
DDIAS	1	0	0	0	0	0	0	0	0	0	0	0
BCL6	0	0	-1	0	0	0	0	0	0	0	0	0
STK38	0	1	0	0	0	0	0	0	0	0	0	0
TIAL1	0	0	0	0	0	0	0	0	0	0	-1	0
DHX15	0	0	0	0	0	0	0	0	0	0	-1	0
LHPP	0	0	1	0	0	0	0	0	0	0	0	0
ZNF706	0	0	0	0	-1	0	0	0	0	0	0	0
SYNJ2BP	0	0	0	0	0	0	0	0	0	0	-1	0
FAM181B	0	0	0	0	0	0	0	0	0	0	1	0
CSGALNACT1	0	0	0	0	0	1	0	0	0	0	0	0
TMEM204	-1	0	0	0	0	0	-1	0	0	0	0	0
SNX25	0	0	0	0	-1	0	0	0	0	0	0	0
EMILIN1	0	0	0	0	1	0	0	0	0	0	0	0
YTHDF3	0	0	0	0	0	-1	0	0	0	0	0	-1
CISH	0	0	0	0	1	0	0	0	0	0	0	0
HSF4	0	0	0	0	1	0	0	0	0	0	0	0
FAM174A	0	0	0	0	0	0	1	0	0	0	0	0
MPP5	0	0	0	0	0	0	1	0	0	0	0	0
TMA7	0	0	0	0	0	0	0	0	0	0	0	-1
ZNF629	0	0	0	0	0	-1	0	0	0	0	0	0
TUBB2A	0	0	0	0	0	-1	0	0	0	0	0	0
METTL21C	0	0	0	1	0	0	0	0	0	0	0	0
GRHPR	0	0	0	0	0	0	0	0	0	1	0	0
CEBPB	0	0	0	-1	0	-1	0	0	0	0	0	0
SHKBP1	0	0	0	0	0	0	0	0	0	0	0	1
C9orf135	0	0	0	0	0	0	0	0	0	0	-1	0
UTP15	0	0	0	0	0	-1	0	0	0	0	0	0
NSF	0	0	0	0	0	0	0	0	0	0	-1	0
ASB6	0	0	0	-1	1	0	0	0	0	0	0	0
FAM46A	0	0	0	0	0	0	0	0	0	0	-1	0
RTN4IP1	1	0	0	0	0	-1	0	0	0	0	0	0
TRMT10A	0	0	0	0	0	0	0	0	0	0	0	-1
DACT1	0	0	0	0	0	0	0	0	0	0	0	1
AFF4	0	0	0	0	0	0	0	1	0	0	0	0
CTDSP1	0	0	0	0	1	0	0	0	0	0	0	0
PGAP3	0	0	0	1	0	0	0	0	0	0	0	0
TEAD2	0	0	0	0	0	0	0	0	0	0	1	1
PLBD2	0	0	0	1	0	0	0	0	0	0	0	0
TPCN2	0	0	0	0	0	0	0	0	0	0	1	0
SPHK1	0	0	0	0	1	0	0	0	0	0	0	0
SPOP	0	0	0	0	0	1	0	0	0	0	0	0
AGPAT4	0	0	0	0	0	0	0	0	0	0	-1	0
VOPP1	0	0	0	1	0	0	0	0	0	0	0	0
C2CD2L	0	0	0	0	1	0	0	0	0	0	0	0
TUBB4B	0	0	0	0	1	0	0	0	0	0	0	0
GDPD5	0	0	0	0	0	0	0	0	0	0	1	0
NRGN	0	0	0	0	0	0	0	0	0	0	0	-1
TLCD1	0	0	0	0	0	0	0	0	-1	0	0	0
RAB33B	0	0	0	0	0	0	0	0	0	0	-1	0
SYNPO	0	0	0	1	0	0	0	0	0	0	1	0
SEC61G	0	0	0	1	0	0	0	0	0	0	0	-1
ADAMTSL2	0	0	0	0	0	0	0	-1	0	0	0	0
CYP4X1	0	0	0	0	0	0	0	0	0	0	1	0
SMC1A	0	0	0	-1	-1	0	0	0	0	0	0	-1
BRI3	0	0	1	0	0	0	0	0	0	0	0	0
NDST1	0	0	0	0	0	0	0	0	0	0	1	0
CD300LB	0	0	0	0	0	0	0	0	-1	0	0	0
SRRM2	0	0	0	0	0	0	0	0	0	0	-1	0
BHLHE40	1	0	0	0	0	0	0	0	0	0	1	0
AKNA	-1	0	0	0	0	0	0	0	0	0	1	0
RBM22	0	0	0	0	0	0	0	0	0	0	-1	1
TET2	0	0	0	1	0	0	0	0	0	0	-1	0
RPGR	0	-1	0	0	0	0	0	0	0	0	0	0
N4BP2	0	0	0	0	0	0	0	0	0	0	-1	0
LPL	-1	-1	-1	0	0	0	0	0	0	0	0	0
INSC	0	0	0	0	0	0	0	-1	0	0	0	0
NPC2	0	0	0	0	0	0	0	0	0	-1	1	0
GDF11	0	0	0	0	0	0	0	0	1	0	0	0
MGAT1	0	0	0	-1	0	0	0	0	0	0	0	0
ZC3H10	0	0	0	-1	0	0	0	0	0	0	-1	0
RBM17	0	0	0	0	-1	0	0	0	0	0	0	0
RHPN1	0	0	0	0	1	0	0	0	0	0	0	0
HIBCH	1	0	0	0	0	0	0	0	0	0	0	0
LRBA	1	0	0	0	-1	0	1	0	0	0	0	0
CAPRIN1	0	0	0	0	0	0	0	0	0	0	-1	0
ZNF618	0	0	0	0	0	0	0	1	0	0	0	0
ARNTL2	0	0	0	0	0	0	0	1	0	0	0	0
NMNAT1	0	0	0	1	0	0	0	0	0	0	0	0
FASTKD2	0	0	0	0	0	-1	0	0	0	0	0	0
PSAT1	1	0	0	0	0	0	0	0	0	0	0	0
DBI	0	0	0	0	0	0	0	0	0	0	1	0
ARGLU1	0	0	0	0	-1	0	0	0	0	0	0	0
AQP4	0	0	-1	0	0	0	0	0	0	0	0	0
TSPYL2	0	0	0	0	-1	0	0	0	0	0	0	0
MTRF1	0	0	0	0	-1	0	0	0	0	0	-1	0
GRWD1	0	0	0	0	0	-1	0	0	0	0	0	0
POU6F1	0	0	0	1	0	0	0	0	0	0	0	0
MRM1	0	0	0	0	0	-1	0	0	0	-1	0	0
CLTA	0	-1	0	0	0	0	0	0	0	0	0	0
CEP85	0	1	0	1	0	0	0	0	0	0	0	0
OSBPL5	0	0	0	0	0	0	0	0	0	0	1	0
DHX36	0	0	0	0	-1	0	0	0	0	0	0	0
IDE	0	0	0	0	0	0	0	0	-1	0	-1	0
WWTR1	0	0	0	0	0	0	0	0	1	1	1	0
FAM102B	0	0	0	0	0	0	1	0	0	0	0	0
SLC41A3	0	0	0	0	0	0	1	0	0	1	1	0
EPHA1	0	0	0	0	0	0	0	0	0	0	1	0
ALKBH5	0	0	0	1	0	0	0	0	0	0	0	0
CYP26B1	-1	0	0	0	0	0	-1	0	0	0	0	0
TTC19	1	0	0	0	0	0	0	0	0	0	0	0
CROCC	0	0	0	0	0	0	0	0	0	0	0	1
MALSU1	0	0	0	1	0	-1	0	0	0	0	0	0
MTIF3	0	0	0	1	0	0	0	0	0	0	0	0
FNDC4	0	0	0	0	0	0	0	-1	0	0	0	0
ATP5S	0	0	0	0	0	-1	0	0	0	0	0	0
RASGRP4	-1	0	0	0	0	0	0	0	0	0	0	0
FMOD	-1	0	1	0	0	0	0	0	0	0	0	0
TIMM10	0	0	0	0	0	-1	0	0	0	0	0	0
PAPOLA	0	0	0	0	0	0	0	0	0	0	0	-1
RASGRF2	0	0	0	0	0	1	0	0	0	0	0	0
CSNK1G3	0	0	0	0	0	0	0	0	0	0	-1	0
SVIP	0	0	0	0	0	0	1	0	0	0	0	0
LMNA	0	0	0	0	1	0	0	0	0	0	0	0
RAB2A	0	0	0	0	0	0	0	0	0	0	0	-1
CAMK4	0	0	0	0	0	0	0	0	0	0	-1	0
ASAP3	0	1	0	-1	0	0	0	0	0	0	0	1
STIL	1	0	0	0	0	0	0	0	0	0	0	0
OLFM1	-1	0	0	0	0	0	0	0	0	0	0	0
KRT17	0	0	0	0	0	0	0	0	0	0	1	0
PHYHD1	0	0	0	0	0	0	0	0	-1	0	1	1
LRMP	0	0	0	0	0	0	-1	0	0	0	0	0
YY1	0	0	0	0	0	0	1	0	0	0	0	0
SOX13	-1	0	0	0	0	0	0	0	0	0	1	0
ASPSCR1	0	0	0	0	1	0	0	0	0	0	0	0
FNBP1	0	0	0	0	0	0	0	0	0	0	1	0
IRF2BPL	0	0	0	0	0	0	0	0	0	0	0	1
CHD3	0	0	1	0	0	0	0	0	0	0	0	0
LDB1	0	0	0	0	0	1	0	0	0	0	0	1
CHD7	0	0	0	0	-1	0	0	0	0	0	0	0
TAL1	-1	0	0	0	0	0	0	0	0	0	0	0
CKAP2	1	0	0	0	0	0	0	0	0	0	0	0
C19orf24	0	0	0	0	0	-1	0	0	0	0	0	0
SLA2	0	0	0	0	0	0	0	1	0	0	0	0
TNNI1	0	0	0	0	0	0	1	0	0	0	0	0
TGFB1I1	-1	0	0	0	0	0	0	0	0	0	1	0
RASEF	0	0	0	0	0	0	1	0	0	0	0	0
VPS36	0	0	0	0	-1	0	0	0	0	0	0	0
AKT1S1	0	0	0	0	0	0	0	0	-1	0	0	0
TMEM203	0	0	0	0	0	0	0	0	0	0	1	0
CA8	0	0	0	0	0	0	0	-1	0	0	0	0
PPP1R21	0	0	0	0	0	1	0	0	0	0	0	0
NABP1	0	0	0	-1	0	0	0	0	0	0	0	0
TSPAN1	0	0	0	0	0	0	0	0	0	0	1	0
LAT2	-1	0	0	0	0	0	0	0	0	0	0	0
TBC1D17	0	1	0	0	0	0	-1	0	0	0	0	1
ATF5	0	0	0	0	0	0	0	0	0	0	0	-1
COX6A2	0	0	0	1	0	0	0	0	0	0	0	0
CORO6	0	0	0	0	0	0	0	-1	0	0	0	0
COPB1	0	0	0	0	0	0	0	0	0	0	-1	0
USP8	0	0	0	0	-1	0	0	0	0	0	0	0
GALNT3	0	0	0	0	0	0	0	0	0	0	-1	0
TWF2	0	1	0	0	0	0	0	0	0	0	0	0
FUZ	0	0	0	0	0	0	0	0	0	0	0	1
TAOK1	0	0	0	0	0	0	0	0	1	0	0	0
CDNF	0	0	0	0	0	0	1	0	0	0	0	0
SOX12	0	0	1	0	0	0	0	0	0	0	0	1
IGFBP6	0	0	0	0	0	0	0	0	0	0	1	0
COA6	0	0	0	0	0	-1	0	0	0	0	0	0
DNM1	0	0	1	0	0	0	0	0	0	0	0	0
PARP3	0	0	0	0	0	0	0	0	0	0	1	1
ARMCX5	0	0	0	0	-1	0	0	0	0	1	0	0
HSD17B14	0	0	0	0	0	0	0	0	0	0	1	0
DMWD	0	0	1	0	1	0	0	0	0	0	0	0
VAV2	0	0	0	0	0	0	1	0	0	0	0	0
RXRA	0	0	0	0	0	0	0	0	0	0	1	0
ALDH1A2	0	0	0	0	0	1	0	0	0	0	0	0
ULK2	0	0	0	0	0	1	0	0	0	0	0	0
SPI1	0	0	0	0	0	0	-1	0	0	0	0	0
UBA7	0	1	0	0	0	0	0	0	0	0	1	0
PCGF2	0	0	0	0	0	0	0	0	0	0	0	1
ELF1	0	0	0	0	-1	0	0	0	0	0	0	0
COPS3	0	0	0	0	0	-1	0	0	0	0	0	-1
LRFN3	0	0	1	0	0	0	0	0	0	0	0	0
MRPL2	0	0	0	0	0	-1	0	0	0	0	0	0
EIF2D	0	0	0	0	0	1	1	0	0	0	0	0
CTF1	0	0	0	0	0	0	1	0	0	0	0	0
PNKD	0	0	0	1	1	0	0	0	0	0	0	0
HOMER2	0	0	0	1	0	0	0	0	0	0	1	0
ENPP3	0	0	0	0	0	0	0	0	-1	0	0	0
BRAF	0	0	0	0	0	0	0	0	1	0	-1	0
SLC6A9	0	0	0	0	1	0	0	0	0	0	0	0
NDUFA8	0	0	0	0	0	-1	0	0	0	0	0	0
QSOX1	0	0	0	-1	0	0	0	0	0	0	0	0
ZRANB3	0	0	0	1	0	0	0	0	0	0	0	0
TBX2	0	0	0	0	0	0	0	0	0	0	1	0
TIAM2	0	0	0	0	0	0	0	0	0	0	0	-1
SSSCA1	0	0	0	0	0	-1	0	0	0	0	0	0
ITGA11	0	0	0	0	1	0	0	0	0	0	1	0
LRP11	0	0	0	0	0	0	0	-1	0	0	0	0
NFIB	0	0	0	0	0	0	0	0	1	0	1	0
WDR83	0	0	0	0	0	0	0	0	0	-1	0	0
SIK2	0	0	0	-1	0	0	0	1	0	0	0	0
PPAT	0	0	0	0	0	0	0	0	0	0	-1	0
LARS2	0	0	0	0	0	0	1	0	0	0	0	0
ACTR1B	0	0	0	1	0	0	0	0	0	0	0	0
PGF	0	0	0	0	0	0	1	0	0	0	0	0
TPK1	0	0	0	0	0	0	0	0	0	1	0	0
ERCC6	1	0	0	0	0	0	0	0	0	0	0	0
PLCD1	0	0	0	0	0	0	0	0	0	0	0	1
CIZ1	0	0	0	0	0	0	0	0	0	0	0	1
COX4I2	0	0	0	0	0	0	0	0	0	0	1	0
BCKDK	0	0	0	0	0	0	0	0	0	0	0	1
ACSBG1	0	0	0	0	0	0	0	0	0	0	1	0
WDR5	0	0	0	0	0	-1	0	0	0	0	0	0
STRA6	1	0	0	0	0	0	0	0	0	0	1	0
PIK3CB	1	0	0	0	0	0	0	0	0	0	0	0
IRGQ	0	0	0	0	0	0	0	0	0	0	-1	0
MLF1	0	0	0	0	0	0	1	0	0	0	0	0
DMPK	0	0	0	0	0	0	0	0	0	-1	0	0
SUSD3	0	0	0	0	0	0	0	0	0	0	1	0
RARA	0	0	0	0	0	0	0	0	0	0	1	1
FGF13	0	0	0	0	0	-1	0	0	0	0	0	0
ALKBH8	0	0	0	1	0	0	0	0	0	0	0	0
ACP5	0	0	0	0	0	0	-1	0	0	0	0	0
DBP	0	1	0	0	0	0	1	0	0	0	0	0
CDR2	0	0	0	0	0	1	0	0	1	0	0	0
SORBS3	0	0	0	0	0	0	0	0	0	0	1	0
ESCO1	1	0	0	0	0	0	0	0	0	0	0	0
TAF4B	0	0	-1	0	0	0	0	0	0	0	0	0
SYNM	0	0	0	1	0	0	0	0	0	0	1	0
DUSP23	0	0	0	0	0	0	0	0	0	0	0	1
UTP20	0	0	0	0	0	-1	0	0	0	0	0	0
PDGFD	0	0	0	0	0	0	0	0	0	0	1	0
TMEM120B	0	0	0	0	0	0	0	0	0	0	0	-1
TBKBP1	-1	0	0	0	0	0	0	0	0	0	0	0
CPOX	0	0	0	0	0	0	0	0	0	0	-1	0
R3HDM1	0	0	0	0	0	0	0	0	0	0	-1	0
GGH	1	0	-1	0	0	0	0	0	0	0	0	0
MORN3	1	0	0	0	0	0	0	0	0	0	0	0
SSR1	0	0	0	0	0	-1	0	0	0	0	0	0
GCGR	0	0	0	0	0	0	0	0	0	0	0	-1
CCDC137	0	0	0	-1	0	0	0	0	0	0	0	1
FUK	0	0	0	0	1	0	0	0	0	0	0	1
IGSF23	0	0	0	0	0	0	0	0	-1	0	0	0
C1QTNF5	0	0	0	0	1	0	0	0	0	0	1	1
CCND1	0	0	0	0	0	0	1	0	0	0	0	0
NAA38	0	0	0	0	0	-1	0	0	0	0	0	0
NKD1	0	0	0	0	0	0	0	0	0	0	1	0
COL12A1	-1	0	0	0	0	0	0	0	0	0	0	0
TMEM126B	0	0	0	1	0	0	0	0	0	0	0	0
SRXN1	0	0	0	-1	0	0	0	0	0	0	0	0
CLMN	0	0	0	0	0	0	0	0	0	1	0	0
LAYN	0	0	0	0	0	1	0	0	0	0	0	0
DOLPP1	0	0	0	0	0	0	0	0	-1	0	0	0
SRPK3	0	0	0	1	0	0	0	0	0	0	0	0
COLCA2	0	0	0	0	0	1	0	0	0	0	1	0
TWISTNB	0	0	0	0	0	-1	0	0	0	0	0	0
ZBTB47	0	0	0	0	1	0	1	0	0	0	0	1
BTBD1	0	0	0	1	0	0	0	0	0	0	0	0
PHIP	0	0	0	0	-1	0	0	0	0	0	-1	0
HEBP2	0	0	0	0	0	0	0	0	0	0	1	0
SH3PXD2A	1	0	0	0	0	0	0	0	0	0	0	0
FRMD4A	0	0	0	0	1	-1	0	0	0	0	0	0
KLHL25	0	0	0	0	0	0	0	0	0	0	0	1
BSPRY	0	0	0	0	0	0	0	0	0	0	0	1
CD2	0	0	0	0	0	1	-1	0	0	0	0	0
H6PD	0	0	0	0	0	0	0	0	0	0	0	1
SLC31A1	0	0	0	0	0	0	0	0	0	0	0	-1
FXYD1	-1	0	0	0	0	0	0	0	0	0	0	0
FANCG	0	0	0	0	0	0	0	0	0	0	-1	0
VIPR1	0	0	0	0	0	1	0	0	0	0	0	0
ST3GAL4	0	0	0	0	1	0	0	0	0	0	-1	0
RFX8	0	0	0	0	0	1	0	0	0	0	0	0
TCF19	0	0	0	0	0	0	-1	0	0	0	0	0
INPP5A	-1	0	0	0	0	0	0	0	0	0	0	0
NEK7	0	0	0	0	-1	1	0	0	0	0	0	0
MFSD12	0	0	0	-1	1	0	0	0	0	-1	0	0
CCDC38	0	0	0	0	0	0	0	0	0	1	0	0
KIFC3	0	0	0	0	1	0	0	0	0	0	0	0
CACNB3	0	0	0	0	0	0	0	0	0	0	1	0
IGFLR1	-1	0	0	0	0	0	0	0	0	0	0	0
ITGB6	0	0	0	1	0	0	0	0	0	0	0	0
ITGA5	-1	0	0	0	1	0	0	0	0	0	0	0
TOP1	0	0	0	0	0	-1	0	0	0	0	0	0
SEC23B	0	0	0	-1	0	0	0	0	0	0	0	0
NPAS2	0	0	0	0	0	0	-1	0	0	0	0	0
ASAP2	0	0	0	0	0	1	0	0	0	0	0	0
RXFP1	0	0	0	0	0	0	0	0	0	0	-1	0
SEMA4B	0	0	0	0	0	-1	0	0	0	0	0	1
DSCR3	0	0	0	0	0	0	0	0	0	0	0	1
ADCY2	0	0	0	0	0	0	0	0	0	0	1	0
SLC25A29	0	0	0	0	0	1	0	0	0	0	0	0
CTSF	0	1	0	0	0	1	0	0	0	0	0	0
HBEGF	0	0	0	0	0	0	0	0	0	0	1	0
GAA	0	0	0	0	0	0	0	-1	0	0	0	0
SPECC1	0	0	0	-1	0	0	0	0	0	0	0	0
RCOR1	1	0	0	0	0	0	0	0	0	1	0	0
LRRC32	0	0	0	0	0	0	0	-1	0	0	0	0
GALNT10	0	0	0	-1	0	0	1	0	0	0	1	0
RNF214	0	0	0	0	0	0	0	0	0	0	-1	0
PALB2	0	0	0	0	0	0	0	0	0	0	0	1
IGSF8	0	0	0	0	0	0	0	0	0	0	1	0
SF3B5	0	0	0	0	0	-1	0	0	0	0	0	0
CLDN10	0	0	0	0	0	0	0	0	0	0	1	0
ZNF791	0	0	0	0	0	0	-1	0	0	0	0	0
PPP1R14A	0	0	0	0	0	0	0	0	0	0	1	0
ANGPTL2	0	0	0	-1	0	0	0	0	0	0	0	1
ATG5	0	0	0	0	0	0	0	0	0	0	0	-1
DNPH1	0	0	0	0	0	0	0	0	-1	0	0	0
C16orf91	0	0	0	0	0	-1	0	0	0	0	0	0
TRIM33	0	0	0	0	-1	0	0	0	0	0	0	0
P3H4	0	0	0	0	1	0	0	-1	0	0	0	0
XAB2	0	0	0	0	0	0	0	0	0	0	0	1
NMT1	0	0	0	0	0	0	-1	0	0	0	0	0
NOXA1	0	0	0	0	0	0	0	0	0	0	1	0
GYPC	-1	0	0	0	0	0	0	0	0	0	1	0
PENK	0	0	0	0	0	0	0	0	1	0	0	0
SLC25A25	0	0	0	0	0	-1	0	0	0	0	0	0
CHGA	0	0	0	0	0	0	0	0	0	0	1	0
LINGO1	0	1	0	0	0	0	0	0	0	0	1	0
TXLNB	0	0	0	1	0	0	0	0	0	0	0	0
KLHL5	0	0	0	0	0	1	0	0	0	1	0	0
SCFD2	0	0	0	0	0	0	1	0	0	0	0	0
GTF2A1	0	0	0	0	0	0	0	0	0	0	-1	0
CFAP97	0	0	0	0	0	0	0	0	0	0	-1	0
LTC4S	0	0	0	0	0	0	0	0	0	0	1	-1
MFSD8	0	0	0	0	-1	0	0	0	0	0	0	0
RASL12	0	0	0	0	0	1	0	0	0	0	1	0
LANCL1	0	0	0	0	0	0	0	0	0	0	-1	0
MEI4	0	0	0	0	0	0	0	0	0	0	1	0
KCNH5	0	0	-1	0	0	0	0	0	0	0	0	0
SMOC2	0	0	0	0	0	0	0	0	0	0	1	0
FXYD5	-1	0	0	0	0	0	-1	0	0	0	1	0
SLC7A6OS	0	0	0	0	0	0	0	0	0	0	-1	0
APLP2	0	0	0	0	0	0	0	0	0	0	1	0
CCDC28B	0	0	0	1	0	0	0	0	0	0	0	0
IPO8	0	0	0	-1	0	0	0	0	0	0	0	0
DZIP3	0	0	0	1	0	0	0	0	0	0	0	0
CAND1	0	0	0	0	0	0	0	0	0	0	0	-1
RNF152	0	0	0	0	0	0	0	0	0	0	1	0
GRN	0	1	0	0	0	0	0	0	0	0	0	0
SIRT7	0	0	0	0	0	0	-1	0	0	0	0	0
CCS	0	0	0	0	0	0	-1	0	0	0	0	0
POLD1	0	0	0	-1	0	0	0	0	0	0	0	1
NRG2	0	0	0	0	0	0	0	0	0	0	1	0
BCO2	0	0	0	0	0	1	0	0	0	0	0	0
IBTK	0	0	0	0	0	-1	0	0	0	0	0	0
CKMT2	0	0	0	0	0	0	0	0	0	0	0	-1
SDHAF4	0	0	0	1	0	0	0	0	0	0	0	0
PKNOX2	0	0	0	0	1	0	0	0	0	0	-1	0
ANKRD49	0	0	0	0	0	0	0	0	0	0	-1	0
TCAP	0	0	0	1	0	0	0	0	0	0	0	0
SLC17A6	0	0	0	0	0	0	0	0	0	0	-1	0
FOXN2	0	0	0	0	0	0	0	0	0	0	-1	0
SERPINH1	0	0	0	0	0	-1	0	0	0	0	0	0
NDUFC1	0	1	0	1	0	0	0	0	0	0	0	0
TMEM53	0	0	0	0	0	-1	0	0	0	0	0	0
PARP2	0	0	0	0	-1	0	0	0	0	0	0	0
BSG	0	0	0	0	1	0	0	0	0	0	0	0
TSEN2	0	0	0	0	-1	0	0	0	0	0	-1	0
RHOH	-1	0	0	0	0	0	0	1	0	0	0	0
DDX6	0	0	0	0	0	0	0	0	0	0	-1	0
KCTD18	0	1	0	0	0	0	0	0	0	0	0	0
CHRM4	0	0	1	0	0	0	0	0	0	0	0	0
KIT	-1	0	0	0	0	0	0	0	0	0	0	-1
LGMN	-1	0	0	0	0	0	0	0	0	0	0	0
SMAP2	0	0	0	0	-1	0	0	0	0	0	0	0
RBM15B	0	0	0	0	0	0	0	0	0	0	0	1
CYP2R1	0	0	0	0	0	1	0	0	0	0	0	0
FRYL	0	0	0	0	-1	0	0	0	0	0	0	0
HTATSF1	0	0	0	1	0	0	0	0	0	0	0	0
ECHDC1	0	0	0	0	0	-1	0	0	0	0	0	0
PPP1R13L	0	0	0	0	0	0	0	-1	0	0	0	1
ADGRV1	0	0	0	0	0	0	0	1	0	0	0	0
ARNTL	0	0	0	0	0	0	-1	0	0	0	0	0
PTX3	-1	0	0	0	0	0	0	0	0	0	0	0
HMGN3	0	0	0	1	-1	0	0	0	0	0	0	0
ABLIM3	-1	0	0	0	0	1	0	0	0	0	0	0
CAV2	0	0	0	0	0	0	1	0	0	0	0	0
MOB3C	0	1	0	-1	0	0	0	0	0	0	0	1
CA14	0	0	0	0	0	0	1	0	0	0	0	0
KCTD3	0	0	0	0	0	0	0	0	0	0	-1	0
GDAP2	1	0	0	0	0	0	0	0	0	0	0	0
HNRNPA0	0	0	0	0	0	0	0	0	1	0	0	0
CHRDL2	0	0	0	1	0	0	0	0	0	0	0	0
CGREF1	0	0	0	0	0	0	0	0	0	0	-1	0
STK38L	0	0	0	0	0	0	0	1	0	0	0	0
ACAP2	0	0	0	0	-1	0	0	0	0	0	0	0
ZNF319	0	0	0	0	0	0	0	0	0	0	0	1
ADRA1D	0	0	0	0	0	0	0	0	-1	0	0	0
LRP3	0	0	0	0	1	0	0	0	0	0	0	0
COBLL1	0	0	0	0	-1	1	0	0	0	0	0	0
VEPH1	0	0	0	0	0	0	1	0	0	0	0	0
FAM13B	0	0	0	0	0	0	0	1	0	0	0	0
FBXO3	0	0	0	1	0	0	0	0	0	0	0	0
ST3GAL2	0	0	0	1	1	0	0	0	0	0	0	0
ZNF180	0	0	0	0	0	0	0	0	0	0	-1	0
CLCN7	0	0	0	0	0	0	0	0	0	0	1	0
NREP	0	0	0	1	0	0	0	0	0	1	0	0
TNKS1BP1	0	0	0	0	0	0	0	0	0	0	0	1
APEX1	0	0	0	0	0	-1	0	0	0	0	0	0
TRPM4	0	0	0	0	1	0	0	0	0	0	0	0
MRGPRF	0	0	0	0	0	0	0	0	0	0	1	0
TRIM65	0	0	0	0	0	0	0	0	0	0	0	1
ZFYVE1	0	0	0	0	1	1	0	0	0	0	0	0
CSAD	0	0	0	0	0	0	0	0	0	1	0	0
FADS6	0	0	0	0	0	0	0	0	0	0	1	0
GPRC5C	0	0	0	0	0	0	0	0	0	0	1	0
GLMN	0	0	0	0	0	0	0	0	0	0	-1	0
NAGK	0	0	0	0	1	0	0	0	0	0	0	0
EPC2	0	0	0	0	0	0	0	0	0	0	-1	0
IQSEC2	0	0	0	0	0	1	0	0	0	0	0	1
SKAP1	0	0	0	0	0	1	0	0	0	0	0	0
GPBP1L1	0	0	0	0	0	0	0	0	0	0	-1	0
ETHE1	0	0	0	0	1	0	0	0	0	0	0	0
METRN	0	0	0	0	1	0	0	0	0	0	1	0
SNAI1	0	0	0	0	0	-1	-1	0	0	0	0	0
RASAL1	0	0	1	0	0	0	0	0	0	0	0	0
DCTN4	0	0	0	0	0	0	0	0	0	0	-1	0
SULT2B1	0	0	0	0	0	0	0	0	0	0	1	0
MPC2	0	0	0	0	0	-1	0	0	0	0	0	0
ITIH4	0	0	0	0	0	0	0	0	0	-1	0	0
LMO7	0	0	0	0	0	1	0	0	0	0	0	0
NFATC2	0	0	0	1	0	0	0	0	0	0	0	0
ITPKB	0	0	0	0	0	0	0	0	1	0	0	0
XPO4	0	0	0	0	0	0	0	0	0	0	0	-1
CASC3	0	0	0	0	0	0	0	0	0	0	-1	0
DLX6	0	0	1	0	0	0	0	0	0	0	0	0
ARMC1	0	-1	0	0	0	0	0	0	0	0	-1	0
SLC4A11	0	0	0	0	0	0	0	0	0	0	0	1
PTAFR	0	0	0	0	0	0	0	0	-1	0	0	0
LRWD1	0	0	0	0	0	0	0	0	0	0	0	1
EI24	1	-1	0	0	0	0	0	0	0	0	0	0
TARBP2	0	0	0	0	0	0	0	0	-1	0	0	0
C1QTNF4	0	0	1	0	0	0	0	0	0	0	1	0
C1orf112	0	0	0	0	0	-1	0	0	0	0	0	0
ANO5	0	0	0	1	0	0	1	0	0	0	0	0
TMED2	0	0	0	0	0	-1	0	0	0	0	0	0
ANXA6	-1	0	0	0	0	0	0	0	0	0	0	0
ZPR1	0	0	0	-1	0	0	0	0	0	0	0	0
BCL2L11	0	1	0	0	0	0	0	0	0	0	0	0
GABRB2	0	0	-1	0	0	0	0	0	0	0	0	0
PKDCC	0	0	0	0	0	0	0	0	-1	0	0	0
PLEKHG2	0	0	0	0	0	0	0	0	0	0	1	0
PLCG2	0	0	0	0	0	1	0	0	0	0	0	0
RCHY1	0	0	0	0	0	0	0	0	0	1	0	0
SYTL4	0	0	0	0	0	0	0	0	1	0	0	0
SHD	0	0	0	0	1	0	0	0	0	0	0	0
SLC30A6	0	0	0	0	0	0	0	0	0	0	-1	0
WIZ	0	0	0	0	1	0	0	0	0	0	0	0
FKBP8	0	0	0	0	1	0	0	0	0	0	0	0
ANKH	0	0	0	1	0	0	0	0	0	0	0	0
IL17RC	0	0	0	0	0	0	0	0	0	0	0	1
RNF38	0	0	0	0	0	1	0	0	0	0	0	0
CORO1B	0	0	0	0	0	0	-1	0	0	0	0	0
GLIS1	-1	0	0	0	0	0	0	0	0	0	0	0
NAP1L5	0	0	0	0	0	0	0	0	0	0	0	-1
TMEM160	0	0	1	0	0	0	0	0	0	0	0	0
CCL28	0	0	0	0	0	0	0	1	0	0	0	0
CAPN3	0	0	0	1	-1	0	0	0	-1	0	0	0
MSN	0	0	0	0	0	0	0	0	0	0	1	0
LRSAM1	0	0	0	0	0	0	0	0	0	0	0	1
MAP6D1	0	0	0	0	0	-1	0	0	0	0	0	0
RPS6KA2	0	0	0	1	0	0	0	0	0	0	0	0
BPNT1	0	0	0	0	-1	0	0	0	0	0	0	0
CIB1	0	0	0	0	0	0	0	0	0	0	1	0
NUP160	0	0	0	0	0	-1	0	0	0	0	-1	0
DAP3	0	0	0	0	0	-1	0	0	0	0	0	0
SMARCA2	0	0	0	1	0	0	0	0	0	0	0	0
BZW2	0	0	0	0	0	0	0	0	0	0	0	-1
STAB1	-1	0	0	0	0	0	0	0	0	0	0	0
CCHCR1	0	0	0	0	0	1	0	0	0	0	1	0
TXNIP	0	0	0	0	0	0	-1	0	0	0	0	1
HIP1R	0	0	0	0	0	0	0	0	0	-1	0	0
FZD7	0	0	0	0	0	1	0	0	0	0	1	0
NCKAP5L	0	0	0	0	1	0	0	0	0	0	0	0
TXNRD3	0	0	0	0	0	0	1	0	0	0	0	0
ARRB2	-1	0	0	0	0	0	-1	0	0	0	0	0
FAM120A	0	0	0	0	0	-1	0	0	0	0	0	0
PPFIBP2	0	0	0	0	0	0	0	0	0	0	1	1
SMIM24	0	0	0	0	0	0	-1	0	0	0	0	0
TMCC1	0	0	0	0	0	0	1	0	0	0	0	0
ZNF219	0	0	0	0	0	0	0	0	0	0	0	1
PC	0	0	0	0	0	-1	0	0	0	0	0	0
MRPL34	0	0	0	0	0	-1	0	0	0	0	0	0
IL7R	0	0	0	0	0	1	0	0	0	0	0	0
UQCRQ	1	0	0	1	0	0	0	0	0	0	0	0
PRCD	0	0	0	0	0	0	0	0	0	0	1	0
SMIM14	0	0	0	0	-1	0	0	0	0	0	0	0
CD37	0	0	0	0	0	0	-1	0	0	0	0	0
SLC43A3	0	0	0	0	1	0	0	0	0	0	0	0
RAPGEF4	0	0	0	0	-1	0	0	0	0	0	0	0
SH2B2	0	0	0	0	0	0	0	0	0	0	1	0
FBXW7	0	0	0	0	0	0	0	0	1	1	0	0
CEP120	0	0	0	0	-1	0	0	0	0	0	0	0
MAP3K14	0	0	0	-1	0	0	0	0	0	0	0	0
LSS	0	0	0	0	0	0	0	0	-1	0	0	0
RGL3	0	0	0	0	0	0	0	-1	0	-1	0	0
MEN1	0	0	0	0	0	0	-1	0	0	0	0	0
THEM6	0	0	0	0	0	0	0	0	0	0	0	1
OSGIN1	0	0	0	0	0	0	0	0	0	0	1	0
CLPTM1	0	0	0	0	0	-1	0	0	0	0	0	0
MGST1	0	0	0	0	0	0	0	0	0	0	1	0
FURIN	0	-1	0	0	0	0	0	0	0	0	1	1
ATP6V0B	0	0	0	0	1	0	0	0	0	0	0	0
CSE1L	0	0	0	0	0	-1	0	0	0	0	0	0
SH3PXD2B	0	0	0	0	-1	0	0	0	0	0	0	0
CARF	0	0	0	0	-1	0	0	0	0	0	0	0
KPTN	0	0	0	0	0	0	0	0	0	0	0	1
VLDLR	0	0	0	1	0	0	0	0	0	0	0	0
OFD1	0	0	0	0	0	0	0	0	0	0	-1	-1
CSTF2	1	0	0	0	0	0	0	0	0	0	0	0
AP5S1	0	0	0	0	0	0	1	0	0	0	0	0
LYPD1	0	0	0	0	0	0	0	0	0	0	1	0
VPS26B	0	0	0	0	1	0	0	0	0	0	0	0
NDUFB6	0	0	0	0	0	-1	0	0	0	0	0	0
HLF	0	0	0	1	0	0	0	0	0	0	0	0
FECH	0	0	0	1	1	0	0	0	0	0	0	0
GSAP	0	0	0	0	0	0	0	0	0	0	-1	0
ZBTB7B	0	0	0	0	1	0	0	0	0	0	0	0
NCK1	0	0	0	0	0	0	0	0	0	0	-1	0
GPR174	0	0	0	0	0	0	0	1	0	0	0	0
CLEC5A	0	0	0	0	0	0	0	0	-1	0	0	0
LYVE1	-1	0	0	0	0	0	0	0	0	0	0	0
HTRA3	0	0	0	0	0	0	0	0	0	0	1	1
PYGL	0	0	0	0	0	-1	0	0	0	0	0	0
FOXK1	0	0	0	0	-1	0	0	0	0	0	0	0
KDM2A	0	0	0	0	0	0	0	1	0	0	0	0
SH3RF2	0	1	0	0	0	0	0	0	0	0	0	0
LAX1	0	0	0	0	0	0	0	1	0	0	0	0
YPEL4	0	0	0	0	0	0	-1	0	0	0	-1	0
KANSL1	0	0	0	0	0	0	0	0	0	0	0	1
SERPING1	0	0	0	0	0	0	-1	0	0	0	1	0
PEA15	0	0	0	0	0	0	0	0	0	0	1	0
CERS6	0	0	0	0	0	0	0	0	0	0	0	-1
SEMA4A	0	0	0	0	0	0	0	0	0	0	1	0
YBEY	0	0	0	0	0	-1	0	0	0	0	0	0
SLC27A4	1	0	1	-1	0	0	0	0	0	0	0	0
SPATA24	0	0	0	1	0	0	0	0	0	0	0	0
JMJD6	0	0	0	-1	0	0	0	0	0	0	0	0
LOXL1	0	0	0	-1	0	0	0	0	0	0	0	0
WNT11	0	0	0	0	0	1	0	0	0	0	0	0
SNX20	0	0	0	0	0	0	-1	0	0	0	0	0
FITM2	0	0	0	0	0	0	0	0	0	0	-1	0
PANX1	0	0	0	0	0	-1	0	0	0	0	0	0
SELL	0	0	0	0	0	0	-1	1	0	0	0	0
GALK1	0	0	0	0	0	0	0	-1	0	0	0	1
C8A	0	0	0	0	0	0	0	0	0	1	0	0
FCRL5	0	0	0	0	0	0	0	1	0	0	0	0
SMIM12	0	0	0	0	0	-1	0	0	0	0	0	0
ITGAX	-1	0	0	0	0	0	0	0	0	0	0	0
BEGAIN	0	0	0	0	0	0	0	0	0	0	1	0
TPD52L2	0	0	0	0	1	0	0	0	0	0	0	0
PACS2	0	0	0	0	0	1	0	0	0	0	0	0
YOD1	0	0	0	0	0	0	0	0	0	0	-1	0
MIB1	0	0	0	0	0	0	0	0	0	0	-1	0
EIF1AX	0	-1	-1	0	-1	0	-1	-1	-1	-1	-1	-1
CCDC17	0	0	0	0	0	0	-1	0	0	0	0	0
CBFA2T3	-1	0	0	0	0	0	0	0	0	0	0	0
TAF5	0	0	0	0	0	0	0	0	0	0	-1	0
NEU3	0	0	0	1	0	0	0	0	0	0	0	0
CWC25	0	0	0	0	0	0	0	0	1	0	0	0
PLIN5	0	0	0	0	0	0	0	0	0	0	0	1
SLC12A7	0	1	0	0	1	0	0	0	0	0	1	0
ELOVL5	0	0	0	0	-1	0	0	0	0	0	0	0
TM7SF3	0	0	0	0	0	1	0	0	0	0	0	0
COASY	0	0	0	0	0	-1	0	0	0	0	0	0
CYBRD1	0	0	0	0	0	0	0	0	0	0	1	0
FAM107A	0	0	0	0	0	0	0	-1	0	0	0	0
TNFAIP3	0	0	0	0	0	0	0	0	0	0	1	0
ENAH	1	0	0	0	0	0	0	0	0	0	0	0
CDR2L	0	0	0	0	1	0	0	0	0	0	0	0
TGFB1	0	0	0	0	0	0	0	0	0	0	1	0
MGARP	0	0	0	0	0	0	0	0	0	0	1	0
FN3K	0	0	0	0	0	0	0	-1	0	0	0	0
RNF145	0	0	0	0	-1	0	0	0	0	0	0	0
GFM1	1	0	0	0	0	0	0	0	0	0	0	0
SYT5	0	0	0	0	0	0	0	-1	0	0	0	0
ADSS	0	0	0	0	-1	0	0	0	0	0	0	0
SMIM3	0	0	0	0	0	0	0	-1	0	0	1	0
SLC16A3	0	0	0	0	0	0	0	0	0	0	1	0
HACD2	0	-1	0	-1	0	0	0	0	0	0	0	0
SH2D2A	0	0	0	0	0	0	0	1	0	0	0	0
NAIF1	0	0	0	0	0	0	0	0	0	0	0	1
AIFM2	0	0	0	0	0	0	0	0	0	0	1	0
KIF20A	1	0	0	0	0	0	0	0	0	0	0	0
RAPH1	0	-1	0	1	0	0	0	0	0	0	0	0
RNF130	-1	0	0	0	0	0	0	-1	0	0	0	0
TAB1	0	0	0	0	0	0	0	0	0	0	0	1
CCDC93	0	0	0	0	0	0	0	0	0	0	-1	0
CNOT4	0	0	0	0	0	0	0	0	1	0	0	0
SHE	0	0	0	0	0	1	0	0	0	0	0	0
MAP3K11	0	0	0	0	1	0	0	0	0	0	0	0
DNAJA4	0	0	0	0	1	0	0	0	0	0	0	0
BCAP31	0	-1	0	0	0	0	0	0	0	0	0	0
MYPOP	0	0	0	0	0	0	0	-1	0	0	0	1
CADM1	0	0	0	0	0	-1	0	0	0	0	0	0
CMYA5	0	0	0	0	0	0	0	0	1	0	0	0
DCLRE1C	0	0	0	0	0	0	-1	0	0	0	0	0
TMEM74	0	0	0	0	0	0	0	0	0	0	-1	0
HSPA9	0	0	0	0	0	-1	0	0	0	0	0	0
PRKCQ	0	0	0	0	0	1	0	0	0	0	0	0
ANKRD13B	0	0	0	0	0	0	0	0	0	-1	0	0
HDLBP	1	0	0	0	0	0	0	0	0	0	0	0
GLT1D1	1	0	0	0	0	0	0	0	0	0	0	0
C11orf71	0	0	0	0	0	0	0	0	0	1	0	-1
RRP9	0	0	0	0	0	-1	0	0	0	0	0	0
ARHGAP1	0	0	0	0	0	0	0	0	0	0	0	1
ADAM11	0	0	0	0	0	1	0	0	0	0	0	0
MRPS12	0	0	0	0	0	-1	0	0	0	0	0	0
RUSC2	-1	0	0	0	0	0	0	0	0	0	0	0
PLAG1	0	0	0	0	0	0	0	-1	0	0	0	0
ATPIF1	1	0	0	1	0	0	0	0	0	0	0	0
AASDHPPT	0	0	0	0	0	-1	0	0	0	0	0	0
PIK3R1	-1	0	0	0	0	0	0	0	0	0	0	0
ABI2	0	0	0	1	0	0	0	0	0	0	0	0
ST6GALNAC6	-1	0	0	0	0	0	0	0	0	0	1	0
RAD23A	0	0	0	0	1	-1	0	0	0	0	0	0
LYN	0	0	0	0	0	0	0	0	0	0	0	-1
MGAT3	0	0	0	0	0	-1	0	0	0	0	0	0
TACO1	0	0	0	0	0	-1	0	0	0	0	0	0
SERINC2	0	0	0	0	0	0	0	0	0	0	1	0
CD63	0	0	0	0	0	-1	0	0	0	0	0	0
GPR15	0	0	0	0	0	0	0	1	0	0	0	0
SYN2	-1	0	0	0	0	0	-1	0	0	0	0	0
ACO2	0	0	0	0	1	0	0	0	0	0	0	0
AGBL5	0	0	0	0	-1	0	0	0	0	0	0	1
ZBTB45	0	0	0	0	1	0	0	0	-1	0	0	0
EGLN3	0	0	0	-1	0	0	0	0	0	0	0	0
CRYBG3	0	0	0	0	0	1	0	0	0	0	0	0
NDUFV1	0	0	0	0	1	0	0	0	0	0	0	0
LIPE	-1	0	0	0	0	0	0	0	0	0	0	0
MATN4	0	0	0	0	0	1	0	0	0	0	0	0
ABCB7	0	0	0	0	0	0	0	0	0	0	-1	0
VPS41	0	0	0	0	0	0	0	0	0	0	0	-1
KCTD14	0	0	0	0	0	0	0	0	0	0	0	1
CDO1	-1	0	0	0	0	-1	0	0	0	0	0	0
IKZF1	-1	0	0	0	0	0	-1	0	0	0	0	0
CLASP1	0	0	0	1	0	0	0	0	0	0	0	0
OLFML2B	0	0	0	0	0	0	0	0	0	0	0	1
MINOS1	1	0	0	0	0	0	0	0	0	0	0	0
MICALL1	0	0	0	0	0	-1	0	0	0	0	0	0
SLC35A1	0	0	0	0	0	0	0	0	0	0	-1	0
BMP2K	0	0	0	0	0	0	0	0	0	0	0	-1
ALDH6A1	0	0	-1	0	0	0	0	0	0	0	0	0
MYCN	0	0	0	0	0	0	0	0	1	0	0	0
PPP4R3B	0	0	0	0	0	0	0	0	0	0	0	-1
CYP39A1	0	0	0	0	0	0	0	0	0	-1	0	0
SLC7A7	-1	0	0	0	0	0	-1	0	0	0	0	0
PALM	0	0	0	0	0	0	0	0	0	0	1	0
SLITRK5	0	0	0	0	0	0	0	0	0	0	-1	0
IRF1	0	0	0	0	0	0	0	0	0	0	0	1
TMEM167A	0	0	0	0	0	-1	0	0	0	0	0	-1
PAPD5	0	0	0	0	0	0	0	0	0	0	-1	0
ST3GAL1	0	0	0	0	0	0	0	0	0	0	0	-1
LMTK2	0	0	0	0	0	0	0	0	0	0	-1	0
ATP6V1G1	0	0	0	0	0	0	0	0	0	0	0	-1
ARSB	0	0	0	0	0	0	0	0	0	1	0	0
PTPN22	-1	0	0	0	0	1	0	0	0	0	0	0
SLC35F2	0	0	0	0	0	0	0	0	0	0	-1	0
CCDC43	0	0	0	1	0	0	0	0	0	0	0	0
FAM222A	0	1	0	0	0	0	0	0	0	0	0	0
RAB44	-1	0	0	0	0	0	0	0	0	0	0	0
RASSF2	0	0	0	0	0	-1	0	0	0	0	1	0
RGS10	-1	0	0	0	0	0	0	0	0	0	0	0
ARG2	-1	0	0	0	0	0	0	0	0	0	0	0
FBXL19	0	0	0	0	1	0	0	0	0	0	0	0
MAPKAPK3	0	0	0	0	0	-1	0	0	0	0	1	0
HTRA4	0	0	0	0	0	0	0	0	-1	0	1	0
PTPRG	0	0	0	0	0	0	0	0	0	1	0	0
NTF4	0	0	0	0	0	0	0	0	-1	0	0	0
FGFR2	0	0	0	0	0	0	0	0	0	0	1	0
SLA	-1	0	0	0	0	0	0	0	0	0	0	0
SPA17	1	0	0	0	0	0	1	0	0	0	0	0
ZNF146	0	0	0	0	0	0	0	0	0	0	-1	0
PTOV1	0	0	0	0	1	0	0	0	0	0	0	0
CACNA2D3	0	0	0	0	0	0	0	0	0	0	0	-1
KDELC2	0	0	0	0	0	0	0	0	0	1	0	0
ZNF202	0	0	0	0	0	-1	0	0	0	0	0	0
PCBP4	0	0	0	0	0	0	0	0	0	0	1	0
FSTL3	-1	0	0	0	0	0	0	0	0	0	0	0
INTS12	0	0	0	0	0	0	0	0	1	0	-1	0
UPK3A	0	0	0	0	0	0	0	0	0	0	1	0
PTK7	0	0	0	0	0	0	0	0	0	0	1	0
ATP2A3	0	0	0	0	0	1	0	0	0	0	0	0
ATP5J	0	0	0	0	0	-1	0	0	0	0	0	0
ETNK1	0	0	0	0	-1	0	0	0	0	0	0	-1
CLINT1	0	0	0	0	0	0	0	0	0	0	-1	0
CBR4	0	0	0	0	0	0	0	0	0	1	-1	0
CHCHD1	0	0	0	0	0	-1	0	0	0	0	0	0
PMVK	1	0	0	0	0	0	0	0	0	0	0	0
PPARGC1B	0	0	0	0	0	-1	0	0	0	0	0	0
SNRPD1	0	0	0	0	0	-1	0	0	0	0	0	0
ADGRG5	0	0	0	0	0	0	-1	0	0	0	0	0
KAZALD1	1	0	0	0	0	0	0	0	0	0	0	0
PDPK1	0	0	0	-1	0	0	0	0	0	0	0	0
BAG3	0	0	-1	0	0	0	0	0	0	0	0	0
IL16	-1	0	0	0	0	0	0	0	0	0	0	0
HRASLS	0	0	0	1	0	0	0	0	0	0	0	0
LRRC25	0	0	0	0	0	0	-1	0	0	0	0	0
IL4R	0	0	0	0	0	0	0	0	0	0	1	0
ELOVL1	0	0	0	0	1	0	0	0	0	0	0	0
AGRN	0	0	0	0	0	0	0	0	0	0	0	1
CFAP100	0	0	0	0	0	0	0	0	0	0	1	0
C3orf62	0	0	0	0	0	0	0	0	0	0	0	-1
FAS	0	0	0	0	0	1	0	0	0	-1	1	0
C5orf51	0	0	0	0	0	0	0	0	0	0	-1	0
KAT2B	0	0	0	0	0	1	0	0	0	0	0	0
ERRFI1	0	0	0	-1	0	0	0	0	0	0	0	0
NPEPL1	0	0	0	0	0	0	0	0	0	0	0	1
NAT8L	0	0	0	0	0	0	0	0	0	0	1	0
TMEM52	0	0	0	0	0	0	0	0	0	0	1	0
NOL4	0	0	0	0	0	0	1	0	0	0	0	0
MTA2	0	0	0	0	1	0	0	0	0	0	0	0
OTUD6B	0	0	0	0	0	0	0	0	0	0	-1	0
IFFO1	0	0	0	0	0	1	0	0	0	0	0	1
DOK1	0	0	0	0	0	0	-1	0	0	0	1	0
ZMAT3	0	0	0	0	0	0	0	0	1	0	0	0
SLC16A10	0	0	0	0	1	0	0	0	0	0	0	0
MBD6	0	0	0	0	0	0	0	0	0	0	0	1
FLOT1	0	0	0	0	0	0	0	0	0	0	0	1
FARSB	0	0	0	0	0	-1	0	0	0	0	0	-1
ARHGAP21	0	0	0	0	0	1	0	0	0	0	0	0
CEP85L	0	0	0	0	-1	0	0	0	0	0	0	0
CEP76	1	0	0	0	0	0	0	0	0	0	0	0
TAP1	0	0	0	0	0	0	0	0	0	0	0	1
USP34	0	0	0	0	-1	0	0	0	0	0	0	0
CSRP2	0	0	0	0	0	0	-1	0	0	0	1	0
SLC35F1	0	0	0	0	0	0	0	0	0	0	-1	0
ABCA9	-1	0	0	0	0	0	0	0	0	0	0	0
PELI3	0	0	0	0	0	0	0	0	0	0	0	1
WIPI1	0	0	-1	1	0	0	0	0	0	0	0	0
HES2	1	0	0	0	0	0	0	0	0	0	0	0
TMEM67	0	1	0	0	0	0	0	0	0	0	0	0
BPTF	0	0	0	0	0	0	0	0	0	0	-1	0
SAPCD2	0	0	0	0	0	0	0	0	-1	0	1	0
SIPA1L1	0	0	0	0	0	0	0	0	0	0	0	1
R3HDM2	0	0	0	0	0	0	0	0	0	0	-1	0
PDLIM3	0	0	0	1	0	0	0	0	0	0	0	0
ATPAF1	0	0	0	1	0	0	1	0	0	0	0	0
CEP44	0	0	0	0	0	0	0	0	0	0	-1	0
RALGDS	0	1	0	0	0	0	0	0	0	0	0	0
C1orf27	0	0	0	0	0	0	0	0	0	1	0	0
TUFM	0	0	0	0	0	-1	0	0	0	0	0	0
ADAMTS15	-1	0	0	-1	0	-1	0	0	0	0	0	0
TEAD1	0	0	0	1	0	0	0	0	0	0	0	0
F5	0	0	0	0	0	0	0	0	0	0	1	0
DCN	0	0	0	0	0	0	0	0	1	0	1	0
BCAS1	0	0	0	0	0	0	0	1	0	0	0	0
AKAP11	0	0	0	0	0	0	0	0	0	0	-1	0
RILPL2	0	0	0	0	0	0	0	0	0	0	0	1
SLC9A3R1	0	0	0	0	0	0	0	0	0	0	1	0
TRIB3	0	0	0	0	1	0	0	0	0	0	0	0
COG1	0	0	0	0	0	1	0	0	0	0	0	0
ESPN	0	0	0	0	0	0	0	0	0	0	1	0
KCNJ2	0	0	0	0	0	0	0	0	0	0	1	0
HEXDC	0	0	0	0	0	0	0	0	0	0	0	1
C1QC	0	0	0	-1	0	0	0	0	0	0	0	0
PSMD12	1	0	0	0	0	-1	0	0	0	0	0	-1
SLC26A2	0	0	0	0	0	-1	0	0	0	0	0	0
DCLRE1B	0	0	0	0	0	0	0	0	0	0	0	1
RRM1	0	0	0	0	0	-1	0	0	0	0	0	0
SDCCAG8	0	0	0	0	0	1	0	0	0	0	0	0
KDM5C	-1	-1	-1	-1	-1	-1	-1	-1	-1	-1	-1	-1
CD79B	0	0	0	0	0	0	0	1	0	0	0	0
CHRNA9	0	0	0	0	0	0	0	0	0	0	-1	0
ARHGAP22	0	0	0	0	0	0	0	0	-1	0	0	0
ZBTB42	0	0	0	0	0	-1	0	0	0	0	0	0
COL16A1	0	0	0	-1	0	0	0	0	0	0	0	0
LMO2	0	0	0	0	0	0	0	0	0	0	1	0
GADD45GIP1	0	0	0	0	0	-1	0	0	0	0	0	0
EMILIN2	0	0	0	0	0	0	1	0	0	0	0	0
MLLT6	0	0	0	0	0	1	0	0	0	0	0	0
SCN3A	0	0	0	0	0	0	0	0	0	0	-1	0
P2RX6	0	1	0	0	0	0	0	0	0	0	0	0
PLEKHH3	0	0	0	0	1	0	0	0	0	0	0	0
RELT	0	0	0	0	1	0	0	0	0	0	1	0
CAPN15	0	0	0	-1	0	0	0	0	0	0	0	0
APOBR	0	0	0	0	0	0	-1	0	0	0	0	0
DLG2	0	0	0	0	-1	0	0	0	0	0	0	0
AGXT2	0	0	0	0	0	0	0	0	0	1	0	0
NPTX2	0	0	0	0	0	0	-1	0	0	0	0	-1
RPS4X	0	-1	0	0	-1	-1	0	-1	0	0	-1	0
HHAT	1	0	0	0	0	1	0	0	0	0	0	0
MED1	0	0	0	0	0	0	0	0	0	0	-1	0
LYPD6B	0	0	0	0	0	0	0	0	0	0	1	0
FBXL17	0	0	0	0	0	0	1	0	0	0	0	0
HAT1	0	0	0	0	0	-1	0	0	0	0	0	0
CSF1	0	0	0	0	0	0	0	0	0	-1	0	0
DPT	-1	0	0	0	0	0	0	0	0	0	0	0
UACA	0	0	0	0	0	0	0	-1	0	0	0	0
TXNRD2	0	0	0	0	1	0	0	0	0	0	0	0
KLHL28	0	0	0	0	0	0	0	1	0	0	-1	0
LGI2	0	0	0	0	0	-1	0	0	0	0	0	0
ESYT1	0	0	0	0	0	0	0	0	0	0	0	1
PAM	0	0	0	0	0	1	0	0	0	0	0	0
TGFBR3	0	0	0	-1	0	-1	0	0	0	0	0	1
ACOT11	0	0	0	0	0	0	0	0	0	0	1	0
YARS2	0	0	0	0	0	0	0	0	0	0	-1	0
OXR1	0	0	0	0	-1	0	0	0	0	0	0	0
CCDC47	0	0	0	0	0	-1	0	0	0	0	0	0
ADIPOR1	0	0	0	1	0	0	0	0	0	0	0	0
DCXR	-1	0	0	0	0	0	0	0	0	0	0	0
AGFG2	0	0	0	0	0	0	0	0	0	0	0	1
MAP1B	0	0	0	0	0	0	0	0	0	0	1	0
BNC1	0	0	0	0	0	1	0	0	0	0	0	0
POLR3E	0	0	0	0	0	0	0	0	0	0	-1	0
IL17B	1	0	0	0	0	0	0	0	0	0	0	0
SYNPO2L	0	0	0	1	0	0	0	0	0	0	0	0
CACNB2	0	0	-1	0	0	0	0	0	0	0	0	0
PNLDC1	0	0	0	0	0	0	0	0	0	0	1	0
PIM1	0	0	0	0	0	-1	-1	0	0	0	0	0
PMM1	0	0	0	0	0	0	-1	0	0	0	0	0
SH3KBP1	0	0	0	0	-1	0	0	0	0	0	0	0
ENO3	0	0	1	0	0	0	0	0	0	0	0	0
MRC1	-1	0	0	0	0	0	0	0	0	0	0	0
ADCY3	-1	0	0	0	0	0	0	0	0	0	1	0
NR3C2	0	0	-1	0	0	0	0	0	0	0	0	0
LTBP4	0	0	0	0	0	0	0	0	0	0	1	0
EIF2S1	0	0	0	0	0	-1	0	0	0	0	0	-1
ZNF407	0	0	0	0	0	0	1	1	0	1	0	0
LRIG2	0	0	0	0	0	0	0	1	0	0	0	0
CXCL14	0	0	0	0	0	0	0	0	0	0	0	1
CARHSP1	0	0	0	0	1	0	0	0	0	0	1	0
CLASRP	0	0	1	0	0	0	0	0	0	0	0	0
PPP1R13B	1	0	0	0	0	0	0	0	0	0	0	0
HSD17B7	1	0	0	0	-1	0	0	0	0	0	0	0
NUDT19	0	0	0	1	0	0	0	0	0	0	0	0
CAPN12	0	0	0	0	0	0	-1	0	0	0	0	0
PHAX	0	0	0	0	0	0	0	0	0	0	-1	0
C1orf198	0	0	0	-1	0	0	0	0	0	0	0	0
SPTBN4	0	0	0	0	0	0	1	0	0	0	0	0
ADAMTSL3	0	0	0	0	0	0	0	0	0	0	1	0
METRNL	0	0	1	-1	0	0	0	0	0	0	1	0
LGALS3	0	0	0	0	0	0	0	0	0	0	1	0
HIC1	0	0	0	0	1	0	0	0	0	0	1	0
TNIP1	0	0	0	0	0	0	0	0	0	0	0	1
TP53I13	0	0	0	-1	0	0	0	0	0	0	0	0
GGPS1	0	0	0	0	0	0	0	0	0	0	-1	0
TTYH2	-1	0	0	0	0	0	0	0	0	0	1	0
SDK2	0	0	0	0	0	0	0	0	0	0	1	0
RNF126	0	0	1	0	0	0	0	0	0	0	0	0
SH3GL3	0	0	0	0	0	0	0	0	0	0	0	-1
SLC16A6	0	0	0	0	0	-1	0	0	-1	0	0	0
CD7	-1	0	0	0	0	0	0	0	0	0	0	0
PDLIM4	-1	0	0	0	0	0	0	0	0	0	0	0
CCAR1	0	0	0	0	0	0	0	0	0	0	-1	0
TMEM37	0	0	0	0	1	0	0	0	0	0	0	0
CDKN1A	0	-1	0	-1	0	0	0	0	0	0	0	0
SNX33	0	1	-1	0	0	0	0	0	0	0	0	1
RELA	0	0	0	0	0	0	0	0	0	0	0	1
CFAP45	1	0	0	0	0	0	0	0	0	0	0	0
EN1	0	0	0	1	0	0	0	0	0	0	0	0
APOD	0	0	0	0	0	0	0	0	0	0	1	0
PHOX2A	0	0	0	0	0	0	0	-1	0	0	0	0
PDLIM5	0	0	0	0	0	0	0	0	0	0	0	-1
LY6H	0	0	0	0	0	0	0	0	0	0	1	0
RAD51	1	0	0	0	0	0	0	0	0	0	0	0
HNRNPH3	0	0	0	0	0	0	0	0	0	0	-1	0
NF1	0	0	0	0	0	0	0	0	0	0	-1	0
DENND2A	0	1	0	0	0	0	0	0	0	0	0	0
CHAF1A	0	0	0	0	0	0	0	0	0	0	1	0
BEND7	0	0	0	0	0	0	0	0	1	0	0	0
SLC7A6	-1	0	0	0	0	0	0	0	0	0	-1	0
ARMCX4	0	0	0	0	0	0	0	0	0	0	0	-1
SPATS2L	0	0	0	1	0	0	0	0	0	0	0	0
SH2D3C	-1	0	0	0	0	0	0	0	0	0	0	0
HSBP1L1	0	0	0	0	0	0	0	0	0	0	0	1
SMCR8	0	0	0	-1	0	0	0	0	0	0	0	0
GLIS3	0	0	0	0	0	0	0	0	0	0	1	0
CXCR6	0	0	0	0	0	0	-1	0	0	0	0	0
DACH2	0	0	0	0	0	0	0	0	0	0	-1	0
DNAJB13	0	0	0	0	0	0	0	0	0	0	1	0
LGI4	-1	0	0	0	0	0	0	0	0	0	1	0
NUP153	0	0	0	0	0	0	0	1	0	0	0	0
NIPAL2	0	0	0	0	0	0	0	0	0	0	-1	0
PRRG4	0	0	0	0	0	0	0	0	0	1	1	0
NAA20	0	-1	0	0	0	0	0	0	0	0	0	0
TSPAN15	-1	0	0	0	1	0	0	0	0	0	0	0
GPM6B	-1	0	0	0	0	0	-1	0	0	0	0	0
PITPNM1	0	0	0	0	0	0	0	0	0	0	1	0
GLI2	0	0	0	0	1	0	0	0	0	0	0	0
FBXO40	0	1	0	1	0	0	0	0	0	0	0	0
RPP14	0	0	0	0	0	0	0	0	0	0	-1	0
DUS4L	0	0	0	0	-1	0	0	0	0	0	0	0
AR	0	0	0	0	0	-1	0	0	0	0	0	0
ADAL	0	0	0	0	0	0	0	0	0	-1	0	0
UBAC2	0	0	0	0	0	1	0	0	0	0	0	0
MST1	0	0	0	0	0	0	0	0	0	0	0	1
MEFV	-1	0	0	0	0	0	0	0	0	0	0	0
VSIG4	0	0	0	0	-1	0	0	0	0	0	0	0
COQ7	0	0	0	1	0	0	0	0	0	0	0	0
CRK	0	0	0	-1	0	0	0	0	0	0	0	0
SEC16B	0	0	0	0	0	1	0	0	0	0	0	0
LRCH1	0	0	0	0	0	1	0	0	0	0	0	0
SCO1	0	0	0	0	0	-1	0	0	0	0	0	0
MARCH5	0	0	0	0	0	0	0	0	0	0	-1	0
LTBR	0	0	0	0	1	0	0	0	0	0	0	1
SYDE1	0	0	0	0	0	0	0	0	0	0	0	1
LCLAT1	0	0	0	0	0	0	0	0	0	0	-1	0
EXOSC10	0	-1	0	0	0	0	0	0	0	0	-1	0
CTSH	0	1	0	0	0	0	0	0	0	0	0	0
ABR	0	0	0	0	0	0	0	0	0	0	1	0
HTRA2	0	0	0	-1	0	0	0	0	0	0	0	0
IP6K2	0	0	0	0	0	1	0	0	0	0	0	0
APCDD1	0	0	0	0	0	0	0	0	0	0	1	0
VAV3	0	0	-1	0	0	0	0	0	0	0	0	0
ZYX	0	0	0	0	1	0	0	0	0	0	0	0
RANBP10	0	0	0	0	1	0	0	0	0	0	0	0
EYA2	0	0	0	0	0	1	0	0	0	0	0	0
ASB9	0	0	0	0	0	0	1	0	0	0	0	0
NAPRT	0	0	0	0	0	0	0	0	0	-1	0	0
NUP155	1	0	0	0	0	0	0	0	0	0	0	0
GRPEL1	0	0	0	0	0	-1	0	0	0	0	0	0
TTC22	0	0	0	0	0	0	0	0	-1	0	0	0
GOLGA1	0	0	0	0	0	0	0	0	0	0	-1	0
GPX3	0	0	0	-1	0	0	0	0	0	0	0	0
MFSD6	1	0	0	0	0	0	0	0	0	0	0	0
WDFY4	-1	0	0	0	0	0	0	0	0	0	0	0
P4HA2	0	0	0	0	0	0	0	0	0	0	1	0
GRAMD1B	0	0	0	0	0	0	0	0	0	0	0	-1
PPIF	0	0	0	0	0	-1	0	0	0	0	0	-1
NAA16	0	0	0	0	0	0	0	0	0	0	-1	0
SSBP2	0	0	0	0	0	1	0	0	0	0	0	0
BIN2	0	0	0	0	0	0	-1	0	0	0	0	0
ACAT1	0	0	0	0	0	0	0	0	0	1	0	0
ARRDC3	0	0	-1	0	0	0	0	0	0	1	0	0
SERPINE2	0	0	0	0	0	0	0	0	0	1	0	0
FCMR	0	0	0	0	-1	0	0	0	0	0	0	0
RTN2	0	0	0	0	0	0	0	0	0	0	-1	0
SIPA1L2	0	0	0	-1	0	0	0	0	0	0	0	0
PML	0	0	0	0	0	0	0	0	0	0	0	1
SIPA1	0	0	0	0	0	0	0	0	0	0	0	1
TSN	0	0	0	0	0	-1	0	0	0	0	0	0
TMBIM1	0	0	-1	0	0	0	0	0	0	0	0	0
PARVG	-1	0	0	0	0	0	0	0	0	0	0	0
KCNE3	0	0	0	0	0	0	0	0	-1	0	0	-1
ANXA7	0	0	0	1	0	0	0	0	0	0	0	0
ZBTB5	0	0	0	0	0	0	-1	0	0	0	0	0
CD80	0	0	0	0	0	1	0	0	0	0	0	0
ALG2	0	0	0	-1	0	0	0	0	0	0	0	0
EHBP1L1	0	0	0	1	1	0	0	0	0	0	0	0
DCLK2	0	1	0	0	1	1	0	0	0	0	0	0
UBAP1L	0	0	0	0	0	0	-1	0	0	0	0	0
MLX	0	0	0	0	0	-1	0	0	0	0	0	0
MAN2A2	0	1	0	0	0	0	0	0	0	0	0	0
UNC45B	0	0	0	1	0	0	0	0	0	0	0	0
DBNDD2	0	0	0	0	0	0	0	0	0	0	1	0
ABCD4	0	0	0	0	0	0	0	0	0	0	0	1
MYL1	0	0	0	1	0	0	0	0	0	0	0	0
INTS2	1	0	0	0	0	0	0	0	0	0	0	0
FGD2	0	0	0	0	0	0	0	0	-1	0	0	0
CEP89	1	0	0	0	0	0	0	0	0	0	0	0
MVD	1	0	0	0	0	0	0	0	0	0	0	0
SNAI2	0	0	0	0	0	-1	0	0	0	-1	0	0
ARHGAP10	0	0	0	0	0	0	0	0	0	0	1	0
STOM	0	0	0	0	0	0	0	0	0	0	0	1
PQLC1	0	0	0	0	1	0	0	0	0	0	0	0
GALNT16	0	0	0	0	1	0	0	0	0	0	0	0
EFEMP1	-1	1	0	0	0	0	0	0	0	-1	0	0
B4GALT2	0	0	0	0	1	0	0	0	0	0	0	0
AGGF1	0	0	0	0	0	0	0	0	0	0	-1	0
SPTA1	0	0	0	0	1	0	0	0	0	0	0	0
CORO2A	0	0	0	0	0	0	0	0	0	0	1	0
SYT3	0	0	0	0	0	0	0	0	0	0	-1	0
LDHD	0	0	0	0	0	0	0	0	0	1	0	0
ZFPM1	0	0	0	0	0	1	0	0	0	0	1	0
FXR1	0	0	0	0	0	0	0	0	0	0	-1	-1
PPM1J	0	0	0	0	0	1	0	0	0	0	0	0
SEC23A	0	0	0	0	0	-1	0	0	0	0	0	0
GPC3	-1	0	0	0	0	0	0	0	0	0	0	0
CUX1	0	0	0	0	0	0	1	0	0	0	0	0
PLEKHG5	0	1	0	0	0	1	0	0	0	0	0	0
GOLM1	0	0	0	1	0	0	0	1	0	0	0	0
RUFY3	0	0	0	0	0	1	0	0	0	0	0	0
GNA13	0	0	0	-1	0	0	0	0	0	0	0	0
MRPL39	0	0	0	0	0	-1	0	0	0	0	0	0
RBP7	0	0	0	0	0	1	0	0	0	0	0	0
SAFB2	0	0	0	0	0	0	0	0	0	0	0	1
RTCB	0	-1	0	0	0	0	0	0	0	0	0	0
SMARCD2	0	0	0	-1	0	0	-1	0	0	0	0	1
GRB10	-1	0	0	-1	0	0	0	-1	0	0	0	0
KIAA0895L	0	0	0	0	1	0	0	0	0	0	0	0
PPP2R5B	0	0	0	0	1	0	0	0	0	-1	0	0
ENG	0	0	0	0	0	0	0	-1	0	0	0	0
ASB4	0	0	0	1	0	0	0	0	0	0	0	0
RREB1	0	0	0	0	0	-1	0	0	0	0	0	0
TIMM8A	0	0	0	0	0	-1	0	0	0	0	0	0
SERTAD3	0	0	0	0	0	0	0	0	0	0	0	1
MCM7	0	0	0	-1	0	0	0	0	0	0	0	0
PFKL	0	0	0	0	1	0	0	0	0	0	0	0
BLM	0	0	0	0	0	0	-1	0	0	0	0	0
MBD3	0	0	0	0	0	0	0	0	0	0	1	0
POP1	0	0	1	0	0	0	0	0	0	0	0	0
INPP5E	0	0	0	0	1	0	0	0	0	0	0	0
FAM161B	0	-1	0	0	0	0	0	0	0	0	0	0
STAT5A	-1	0	0	-1	0	0	0	0	0	0	0	1
C5orf24	0	0	0	0	0	0	0	0	0	0	-1	0
DNAL1	0	0	0	0	0	0	1	0	0	0	0	0
VTN	0	0	0	0	0	1	0	0	0	0	0	0
TFPI	-1	0	0	-1	0	0	0	0	0	0	0	0
AMFR	0	0	0	0	0	0	0	0	0	0	1	0
ARPC5	0	0	0	-1	0	0	0	0	0	0	0	0
ASAP1	0	0	0	-1	0	0	0	0	0	0	0	0
ELAC2	0	0	0	0	0	-1	0	0	0	0	0	0
ARHGAP35	0	0	0	0	0	-1	0	0	0	0	0	0
AP2S1	0	0	0	0	1	0	0	0	0	0	0	0
TMEM205	0	0	0	0	0	0	0	0	0	1	0	0
RANBP9	0	0	0	0	0	0	0	0	0	1	0	0
MARCH3	0	0	0	0	0	0	0	0	0	0	0	-1
HSPB11	0	0	0	0	-1	0	0	0	0	0	0	0
HERC4	0	0	0	0	0	0	0	0	0	0	-1	0
BTF3L4	0	0	0	0	0	-1	0	0	0	0	0	0
PTRH2	0	0	0	0	0	-1	0	0	0	0	0	0
SERTAD1	0	0	0	0	0	-1	0	0	0	0	0	0
MIB2	0	0	0	0	1	0	0	0	0	0	0	0
MRPS30	0	0	0	0	0	0	0	0	0	0	-1	0
CXXC1	0	0	0	0	0	0	0	0	0	0	0	1
TMEM242	0	0	0	0	0	0	0	0	0	0	-1	0
PRR14	0	0	0	0	0	0	-1	0	0	0	0	1
TRDN	0	0	0	1	0	0	0	0	0	0	0	0
SLC6A1	0	0	0	0	0	0	0	0	0	0	1	0
GLB1L	0	0	0	0	1	0	0	0	0	0	0	0
GABRA2	0	0	-1	0	0	0	0	0	0	0	0	0
STARD10	0	0	0	0	0	0	0	0	0	0	1	1
CCDC88C	0	0	0	0	0	1	0	0	0	0	1	0
ZNF277	0	0	0	0	0	0	0	0	0	0	-1	0
C1QTNF2	0	0	0	0	1	0	0	0	0	0	0	0
MST1R	0	0	0	0	0	0	0	0	0	0	1	0
FBXW4	0	0	0	1	0	0	0	0	0	0	0	1
LMBR1L	0	1	0	0	0	0	0	0	0	0	0	0
ATF1	0	0	0	0	0	0	0	0	0	0	-1	0
TP53	0	0	0	0	0	0	0	0	0	0	0	1
HOXB2	0	0	0	0	0	1	0	0	0	0	0	0
HAGHL	0	0	1	0	0	0	0	0	0	0	0	0
NNMT	-1	0	0	0	0	0	0	0	0	0	0	0
RUNDC1	0	0	0	0	0	0	0	0	0	0	-1	0
GFRA1	-1	0	0	0	0	0	0	0	0	0	0	0
TRAPPC4	0	0	0	0	0	-1	0	0	0	0	0	0
MTMR11	0	0	0	0	1	0	0	0	0	0	0	0
BTBD2	0	0	0	0	0	0	0	0	0	0	0	1
RRP15	0	0	0	0	0	-1	0	0	0	0	0	0
ZSCAN20	0	0	0	0	0	0	0	0	0	0	-1	0
PCBP3	0	0	0	0	0	0	0	0	1	0	0	0
MMP19	0	0	0	0	0	0	0	0	0	0	1	0
LPIN2	0	0	0	-1	0	0	0	0	0	0	0	0
SCAMP4	0	0	0	0	0	0	0	0	-1	0	0	1
ORC4	1	0	0	0	0	0	0	0	0	0	0	0
ITPKC	0	0	0	0	0	-1	0	0	0	0	0	0
ALS2CL	0	0	0	0	0	0	0	0	0	0	1	1
BMP4	0	0	0	0	0	0	-1	0	0	0	0	0
CAPN8	0	0	0	0	0	0	0	0	0	0	-1	0
DMXL1	0	0	0	0	0	0	0	0	0	0	-1	-1
ANO4	0	0	0	0	0	0	0	0	0	0	-1	0
SRCIN1	0	0	0	0	0	-1	0	0	0	0	0	0
CTU2	0	0	0	0	1	0	0	0	0	0	0	0
TMOD2	0	0	0	0	0	1	0	0	0	0	0	0
SQLE	1	0	0	0	0	0	0	0	0	0	1	0
RALGAPA2	0	0	0	0	0	0	0	0	1	0	0	0
NKAIN1	0	0	0	1	0	0	0	0	0	0	0	0
ACADS	0	0	0	0	0	0	0	0	0	0	1	0
METTL1	0	0	0	0	0	-1	0	0	0	0	0	0
SLC16A1	0	0	-1	0	0	0	0	0	0	0	0	0
PPP1R37	0	0	0	0	1	0	0	0	0	0	0	0
RAB23	0	0	0	0	0	0	0	0	0	-1	0	0
TLE3	0	0	0	0	0	0	0	0	0	0	1	0
CABP1	0	0	0	0	0	0	0	-1	0	0	0	0
SEC31B	0	0	0	0	0	1	0	0	0	0	0	0
ST3GAL5	0	0	0	0	0	0	0	0	0	0	0	1
SLC16A2	0	0	0	0	0	0	0	0	0	0	1	0
CD3E	0	0	0	0	0	1	-1	0	0	0	0	0
CIC	0	0	0	0	0	0	0	0	0	0	0	1
PSMG1	0	0	0	0	0	-1	0	0	0	0	0	0
CDH13	0	0	0	0	0	1	0	0	0	0	0	0
PM20D2	0	0	0	0	0	0	1	0	0	0	0	0
SCN4B	0	0	0	0	0	1	1	0	0	0	0	0
TMEM240	0	0	1	0	0	1	0	0	0	0	0	0
NGF	0	0	0	0	0	0	0	0	0	0	1	0
RING1	0	0	0	0	0	0	0	0	0	0	0	1
YAP1	0	0	0	0	0	0	0	0	0	0	1	0
ARHGEF12	0	0	-1	0	0	0	0	0	0	0	0	0
SAMD14	0	0	0	0	1	0	0	0	0	0	0	0
LSAMP	-1	0	0	0	0	0	0	0	0	0	0	0
BLK	0	0	0	0	-1	0	0	0	0	0	0	0
POR	0	0	0	0	0	0	0	0	0	-1	0	0
TCF7	1	0	0	0	0	0	-1	0	0	0	0	0
DVL2	0	0	0	0	0	0	0	0	0	0	0	1
SMIM10L1	0	0	0	1	0	0	0	0	0	0	0	0
PGRMC1	0	0	0	-1	0	0	0	0	0	0	0	0
SRGN	-1	0	0	0	0	0	0	0	0	0	0	0
FCER1G	0	0	0	-1	0	0	-1	0	0	0	0	0
PTH1R	-1	0	0	-1	0	0	0	0	0	0	0	0
DDAH1	0	0	0	0	0	0	1	0	0	0	0	0
UNC80	0	0	0	0	0	0	0	0	0	0	-1	0
VAMP5	0	0	0	0	0	0	0	0	0	0	0	1
CEP41	0	0	0	0	0	0	0	0	0	0	-1	0
SATB2	0	0	0	0	0	-1	0	0	0	0	0	0
RARB	0	0	0	0	0	1	0	0	0	0	0	0
RASGEF1B	0	0	0	0	0	0	0	0	1	0	1	0
LCMT1	1	0	0	0	0	0	0	0	0	0	0	0
TMEM33	0	0	0	0	0	0	0	0	0	0	-1	0
MTHFR	-1	0	0	0	0	0	0	0	0	0	0	0
AKAP9	0	0	0	0	0	0	0	0	0	0	-1	0
C6orf132	0	0	0	0	0	0	0	0	0	0	1	0
ZHX2	0	0	0	0	0	0	0	0	1	0	0	0
PYGO2	0	0	0	0	0	0	0	0	0	0	0	1
EIF2S3	-1	-1	-1	-1	-1	-1	0	-1	-1	0	-1	-1
CEP162	0	0	0	0	0	0	0	0	0	0	0	1
CACYBP	0	0	0	0	0	0	0	0	0	0	0	-1
ABCA4	0	0	0	0	0	0	0	0	0	1	0	0
CD82	0	0	0	0	0	0	0	0	0	0	0	1
IRF8	-1	0	0	0	0	0	0	0	0	0	0	-1
CYB561D1	0	0	0	0	0	0	0	0	-1	0	0	0
MMP3	1	0	0	0	0	0	0	0	0	0	0	0
PSTPIP2	0	0	0	1	0	0	0	0	0	0	0	0
NDUFA4L2	0	0	0	0	0	1	0	0	0	0	0	0
BTK	0	0	0	0	-1	0	0	1	0	0	0	0
PAOX	0	0	0	0	0	0	-1	0	0	0	0	0
TMED9	0	0	0	0	1	0	0	0	0	0	0	0
APOE	0	0	0	0	0	0	0	0	0	0	0	1
PLEKHA2	0	0	0	0	-1	1	0	0	0	0	0	0
ANTXR1	0	0	0	0	0	0	1	0	1	0	1	0
SCUBE1	-1	0	0	0	0	0	0	0	0	0	0	0
VPS9D1	0	0	0	0	0	0	0	0	0	0	0	1
ZNF3	0	0	0	0	0	0	0	0	0	0	-1	0
AUTS2	0	0	0	0	0	0	1	0	0	0	0	0
ATG4D	0	0	0	0	1	0	0	0	0	0	0	0
MATN2	0	1	0	0	0	0	0	0	0	0	0	0
LIG3	0	0	0	0	1	0	0	0	0	0	0	0
ITM2B	0	0	0	0	0	1	0	0	0	0	0	0
STXBP1	-1	0	0	0	0	0	0	0	1	0	0	0
UBE3A	0	0	0	0	0	0	0	0	0	0	0	-1
NOP58	0	0	0	0	0	0	0	0	0	0	0	-1
PLEKHB1	0	1	0	0	0	0	0	0	0	0	0	0
CTDSP2	0	0	0	0	0	0	0	0	0	0	0	1
DENND1B	0	0	0	0	0	0	0	0	0	1	0	0
LGI1	0	0	0	0	0	0	0	0	0	0	1	0
KAZN	0	0	0	0	0	0	0	0	0	0	1	0
EMC6	0	0	0	0	0	-1	0	0	0	0	0	0
NINJ1	0	0	0	0	1	0	0	0	0	0	0	0
PLCXD1	0	0	1	0	0	0	0	0	0	0	0	0
ACADVL	0	0	0	0	1	0	0	0	0	0	0	0
NBEAL2	0	0	0	0	0	0	0	0	0	0	1	0
AGPS	0	0	0	0	0	-1	0	0	0	0	0	0
ACAD9	1	0	0	0	0	0	0	0	0	0	0	0
SMG7	0	0	0	0	0	0	0	0	0	0	-1	0
TMC7	0	0	0	1	0	1	0	0	0	0	0	0
ATG9A	0	0	0	0	0	0	-1	0	0	0	0	0
NR2C2AP	0	0	0	-1	0	0	0	0	0	0	0	0
RAB21	0	0	0	0	0	0	0	0	1	0	0	0
TARSL2	0	0	0	0	0	1	0	0	0	0	0	0
USP16	0	0	0	0	0	0	0	0	0	0	-1	0
SLC16A13	0	0	0	0	0	0	0	0	-1	0	0	0
REV3L	0	0	0	0	0	0	0	0	0	0	-1	0
CA5B	0	0	0	-1	0	0	0	-1	0	0	0	-1
CD28	0	0	0	0	0	0	0	1	0	0	0	0
MRPL14	0	0	0	0	1	0	0	0	0	1	0	0
MFAP2	0	0	0	0	0	0	0	0	0	0	1	0
ATP13A2	0	0	0	0	1	0	0	0	0	0	0	0
RPS6KA4	0	0	0	0	1	0	0	0	0	0	0	0
PAPSS2	0	0	-1	0	0	0	0	0	0	0	0	0
RFC4	0	-1	0	0	0	0	0	0	0	0	0	0
CCDC68	0	0	0	0	-1	0	0	0	0	0	0	0
KIAA1755	0	0	0	0	0	0	0	0	0	0	1	0
VWF	-1	0	0	0	0	0	0	0	0	0	0	0
RTBDN	0	0	0	0	0	0	0	0	0	0	1	0
CHST3	0	0	-1	0	0	0	0	0	0	0	0	0
CCDC58	1	0	0	0	0	-1	0	0	0	0	0	0
TJP1	0	0	0	0	0	1	0	0	0	0	0	0
ZDHHC15	0	0	0	0	0	1	0	0	0	0	0	0
PPP2R5E	0	0	0	0	0	0	0	0	0	0	-1	0
EIF2B5	0	0	0	0	0	0	0	0	0	0	-1	0
IL6R	0	0	-1	0	0	0	-1	0	0	0	0	0
KIF26A	0	0	0	0	0	0	0	0	0	0	1	0
CTXN3	0	0	-1	0	0	0	0	0	0	0	0	0
PTPRE	-1	0	0	0	0	0	0	0	0	0	0	0
SREK1	0	0	0	0	-1	0	0	0	0	0	0	0
KCNIP3	0	0	0	0	0	0	0	0	0	0	0	1
VIPAS39	0	0	0	0	0	0	0	0	0	0	-1	0
VAV1	0	0	0	0	0	0	-1	0	0	0	0	0
STC2	0	0	0	0	0	0	1	0	1	0	0	0
NFKBIL1	0	0	0	0	0	0	0	0	0	0	0	1
PTPN7	0	0	0	0	0	1	-1	0	0	0	0	0
CHM	0	0	0	0	-1	0	0	0	0	0	0	0
SLC2A4	0	0	0	0	0	0	0	0	0	0	1	0
CENPI	1	0	0	0	0	0	0	0	0	0	0	0
NEUROD4	0	0	0	0	0	0	0	0	0	0	-1	0
SMPD1	0	0	0	0	1	0	0	0	0	0	0	0
GCC2	0	0	0	0	-1	0	0	0	0	0	0	0
FAM234B	0	0	0	0	1	0	0	0	0	0	0	0
HEBP1	0	0	0	0	1	0	0	0	0	0	0	0
DMRTA1	0	0	0	0	0	0	0	0	0	0	-1	0
S100A13	0	0	0	0	0	0	0	0	0	0	1	0
LEPROTL1	0	0	0	0	0	0	0	0	0	0	-1	0
AMMECR1	0	0	0	0	0	0	0	0	0	0	-1	0
SLC25A35	0	0	0	0	0	0	0	0	-1	0	0	0
TP53I11	-1	0	0	0	0	0	0	0	0	0	0	0
ARL5B	0	0	0	0	0	0	0	0	1	1	0	0
FLT3	-1	0	0	0	0	0	0	0	0	0	0	0
USP19	0	0	0	0	0	0	0	0	0	0	0	1
CCDC150	0	0	0	0	-1	0	0	0	0	0	0	0
ADAMTS7	0	0	0	0	1	0	0	0	0	0	1	0
SLC25A23	0	0	0	0	0	0	0	0	0	0	0	1
BSCL2	0	0	0	0	0	0	0	0	0	0	0	-1
DOCK8	0	0	0	0	0	0	0	0	0	0	0	-1
DEPTOR	0	0	0	0	0	1	0	0	0	0	0	0
RAB3IL1	0	0	0	0	1	0	0	0	0	0	1	0
NSFL1C	0	-1	0	0	0	0	0	0	0	0	0	0
CEBPZ	0	0	0	0	0	0	0	0	0	0	0	-1
PAN2	0	0	0	0	0	1	0	0	0	0	0	0
FOXJ3	0	0	0	0	-1	0	0	0	0	0	-1	0
ATRN	0	0	0	0	0	0	1	0	0	0	0	0
VPS37D	0	0	0	0	0	0	0	0	0	0	0	1
STRADB	0	0	0	1	0	0	0	0	0	0	0	0
SEPT6	0	0	0	0	-1	0	0	0	0	-1	0	0
NIFK	0	0	0	0	0	-1	0	0	0	0	-1	0
KLHL26	-1	0	0	0	0	0	0	0	0	0	0	0
IPO4	0	0	0	0	0	-1	0	0	0	0	0	0
SPSB1	0	0	0	-1	0	0	0	0	0	0	0	0
MYO6	0	0	0	0	0	0	0	0	0	1	0	0
SHMT1	0	0	0	1	0	0	0	0	0	0	1	0
NFU1	0	0	0	1	0	0	0	0	0	0	0	0
DUSP8	0	0	0	0	1	0	0	0	0	0	0	0
KDM4A	0	0	0	0	0	0	0	0	0	0	0	1
BHLHE41	0	0	0	1	-1	0	1	0	0	0	0	0
MARCH9	0	0	0	0	0	0	0	0	0	0	0	1
LTBP1	0	0	0	-1	0	0	0	0	0	0	0	0
UBE2V2	0	0	0	0	0	-1	0	0	0	0	0	0
OTOA	0	0	0	0	0	0	0	0	0	0	1	0
EIF3K	0	0	0	0	0	-1	0	0	0	0	0	0
POMT2	0	0	0	0	0	-1	0	0	0	0	0	0
TESK2	0	0	0	0	0	0	0	0	0	0	0	1
MTHFD1L	0	0	0	0	0	0	0	0	0	0	1	0
MFSD7	0	0	0	0	0	0	0	0	0	0	1	0
MYT1L	0	0	0	0	0	0	0	0	0	0	-1	0
SLC24A3	0	0	0	0	0	1	0	0	0	0	0	0
GRB7	0	0	0	0	0	0	-1	0	0	0	0	0
TSPO	0	0	0	0	0	0	0	0	0	0	1	0
PPP1R1A	-1	0	0	0	0	0	0	0	0	0	0	0
MAP4	0	0	0	1	0	0	0	0	0	0	0	0
TIRAP	0	0	0	0	0	0	0	0	-1	0	0	0
OPTN	0	0	0	0	0	0	0	0	1	0	0	0
CCDC3	0	0	0	0	0	0	0	0	0	0	1	0
EPHX2	0	0	0	0	0	0	0	0	0	1	0	0
TAF9B	0	0	0	0	0	1	0	0	0	0	0	0
CNPY3	0	0	0	-1	0	0	0	0	0	0	0	0
ARFGEF1	1	0	0	0	0	0	0	0	0	0	0	0
GNE	0	0	0	-1	0	0	0	0	0	0	0	0
GATAD1	0	0	0	0	0	1	0	0	0	0	0	0
CSPG5	0	0	0	0	0	-1	0	0	0	0	0	0
LAMB2	0	1	0	0	0	0	0	0	0	0	0	0
RRP1B	0	0	0	0	0	-1	0	0	0	0	0	0
NELFA	0	0	0	0	0	0	-1	0	0	0	0	1
GTPBP4	0	0	0	0	0	-1	0	0	0	0	0	-1
EIF4G3	0	0	0	1	-1	0	0	0	0	0	0	0
PDYN	0	0	0	0	0	0	0	0	0	0	1	0
SH3BP4	0	0	0	-1	0	0	0	0	0	0	0	0
ZNF598	0	0	0	0	0	0	0	0	0	0	0	1
TMEM164	0	0	0	0	0	0	0	0	0	0	0	1
CALB2	0	0	0	0	0	0	0	0	0	0	1	0
ADCYAP1R1	0	0	0	0	0	0	0	0	0	0	1	0
PHLDA1	0	0	0	0	0	0	0	0	1	0	0	-1
PPP1R18	0	0	-1	0	0	0	0	0	0	0	1	0
LNX2	0	0	0	0	0	0	0	0	0	0	0	1
P3H1	0	0	0	0	0	0	0	-1	0	0	0	0
DCTN1	0	0	0	0	1	0	0	0	0	0	0	0
NDUFA12	0	0	0	0	0	-1	0	0	0	0	0	0
FBLN5	-1	0	0	0	0	0	0	0	0	0	0	0
SLC12A9	0	0	0	0	0	0	0	0	0	0	0	1
F13A1	0	0	0	-1	0	0	0	0	0	0	0	0
PLCE1	0	0	0	0	0	1	0	0	1	0	0	0
BLMH	0	0	0	0	0	0	0	0	0	0	-1	0
NFKBIE	0	0	0	0	0	0	0	0	0	0	1	0
CARNMT1	0	0	0	0	0	0	0	0	0	0	-1	-1
PXN	0	0	0	0	1	0	0	0	0	0	0	0
ELMO1	0	0	0	0	0	1	0	0	0	0	0	-1
ZNF385A	0	0	0	0	0	0	0	0	0	0	1	0
SLC25A43	0	0	0	0	0	0	0	0	0	0	1	0
PLSCR4	0	0	-1	0	0	0	0	0	0	0	0	0
ZNF771	0	0	1	0	0	0	0	0	0	0	0	0
FAM76B	0	0	0	0	-1	0	0	0	0	0	0	0
SMARCD3	0	0	0	0	0	0	0	-1	0	0	0	0
EXTL1	0	0	0	0	0	0	0	0	0	0	1	0
EIF3I	0	-1	0	0	0	0	0	0	0	0	0	0
REEP4	0	0	0	0	0	0	-1	0	0	0	0	0
GLIS2	0	0	0	0	1	0	0	0	0	0	1	0
GNA15	0	0	0	0	1	0	0	0	0	0	0	0
HOXD8	0	0	0	0	0	0	0	-1	0	0	0	0
C6	-1	0	0	0	0	0	0	0	0	0	0	0
IRF4	0	0	0	0	0	0	0	1	0	0	0	0
CRTC2	0	0	0	0	0	1	0	0	0	0	0	1
TTC32	0	0	0	0	-1	0	0	0	0	0	0	0
AFF3	0	0	0	0	-1	0	0	0	0	0	0	0
UPRT	0	0	0	0	-1	0	1	0	0	0	0	0
RASSF10	1	0	0	0	0	0	0	0	0	0	0	0
STIP1	0	0	0	0	0	0	0	0	0	0	0	-1
PDE8B	-1	0	0	0	0	0	0	0	0	0	0	0
SLC25A11	0	0	0	0	0	-1	0	0	0	0	0	0
GCA	0	0	0	0	0	0	0	0	0	0	0	1
AGAP2	0	0	0	0	0	1	0	0	0	0	0	0
IKZF5	0	0	0	0	0	0	0	0	0	0	-1	0
NCOA7	0	0	0	-1	0	0	0	0	0	0	0	0
PTGER2	-1	0	0	0	0	0	0	0	0	0	0	0
RFX3	0	0	0	0	-1	0	0	0	0	0	0	0
PRRC2B	0	0	0	0	0	0	0	0	0	0	0	1
HEY2	0	0	0	0	0	0	0	0	1	0	0	0
LRRC14B	0	0	0	1	0	0	0	0	0	0	0	0
DBN1	0	0	0	-1	1	0	0	0	0	0	0	0
TMEM8A	0	0	0	0	1	0	0	0	0	0	0	0
ALDOC	0	0	0	0	0	0	-1	0	0	0	1	0
SGCD	0	0	0	0	0	0	1	0	0	0	0	0
GRIK4	0	0	0	0	0	0	0	0	0	0	1	0
USP15	0	0	0	0	0	0	0	0	0	0	-1	0
XKRX	0	0	0	0	-1	0	0	0	0	0	0	0
HAPLN3	0	0	0	0	1	0	0	0	0	0	0	0
ADAMTSL5	0	0	0	0	0	0	0	-1	0	0	1	0
LAPTM5	-1	0	0	-1	0	0	0	0	0	0	0	0
STMND1	0	0	0	0	0	0	0	-1	0	0	0	0
PPP1R9B	0	0	0	0	0	0	0	0	1	0	0	0
CUEDC1	0	0	0	0	1	0	0	0	0	0	0	1
FBXO32	0	0	0	0	-1	0	0	0	0	0	0	0
NCKAP1L	-1	0	0	0	0	0	-1	0	0	0	1	0
SP3	0	0	0	0	0	0	0	0	0	0	-1	0
LSMEM1	0	0	0	1	0	0	0	0	0	0	0	0
BTC	0	0	0	0	0	1	0	0	0	0	0	0
PPP6R2	0	0	0	0	0	0	0	0	0	0	0	1
ZNF688	0	0	0	0	0	0	0	0	0	0	0	1
FAM117B	0	0	0	0	0	0	0	0	0	0	-1	0
HIPK2	0	0	0	0	0	0	1	0	0	0	0	0
SCYL1	0	0	0	0	1	0	0	0	0	0	0	0
OSTF1	0	0	0	0	0	0	0	0	0	0	1	0
NOP16	0	0	0	0	0	-1	0	0	0	0	0	0
EPDR1	0	0	0	0	0	-1	0	0	0	0	0	0
FBXO28	0	0	0	0	0	-1	0	0	0	0	0	0
PARM1	0	0	0	0	0	0	0	0	0	0	0	-1
CLIC5	0	0	0	1	0	0	0	0	0	0	0	0
SLC6A11	0	0	-1	0	0	0	0	0	0	0	0	0
TCEANC	0	0	0	0	0	0	0	0	0	0	-1	0
FBXL7	0	0	0	0	0	0	0	0	0	0	1	0
TMEM199	0	0	0	0	0	-1	0	0	0	0	0	0
SOAT1	0	0	0	-1	0	-1	0	0	0	0	0	0
TTLL7	0	0	0	0	0	0	0	0	0	0	-1	0
C4orf46	0	0	0	0	0	0	0	0	0	0	-1	0
ETFDH	0	0	0	0	0	0	0	0	0	0	-1	0
PVALB	0	0	0	0	0	0	1	0	0	0	0	0
PRKAR2B	-1	0	0	0	0	0	0	0	0	0	0	0
SRBD1	0	0	0	0	0	0	0	0	0	0	-1	0
NTN4	0	0	0	0	0	1	0	0	0	0	0	0
LDAH	0	0	0	0	0	0	0	0	0	0	0	-1
CXCR4	0	0	0	0	0	1	0	0	0	0	1	0
ARF5	0	0	0	0	1	0	0	0	0	0	0	0
PLEKHH1	0	1	0	0	0	-1	0	0	0	0	0	0
MAN1A2	0	0	0	0	0	0	0	0	0	0	0	-1
C19orf66	0	0	0	0	0	0	0	0	0	0	0	1
DISC1	0	0	0	-1	0	0	0	0	0	0	0	0
CYB561	1	0	0	0	1	0	0	0	0	0	0	0
RANBP2	0	0	0	0	0	0	0	0	0	0	0	-1
EPHB3	0	0	1	0	0	0	0	0	0	0	0	0
MGMT	0	1	0	0	1	0	0	0	0	0	1	0
ARNT2	0	0	0	0	0	0	0	0	0	0	1	0
LCORL	0	0	0	0	0	0	0	0	0	0	-1	0
AGBL1	0	0	0	1	0	0	0	0	0	0	0	0
DYRK2	0	0	0	1	0	0	0	0	0	0	0	0
HINT3	0	0	0	0	0	0	0	0	0	0	0	-1
KLF13	0	0	0	0	0	0	0	0	0	0	0	1
PHTF2	0	0	0	0	0	0	0	0	0	0	-1	0
NFATC4	0	0	0	0	1	0	0	0	0	0	1	0
BCAR1	0	0	0	0	1	0	0	0	0	0	0	0
DEPDC5	1	0	0	0	0	0	0	0	0	0	0	0
NFAM1	-1	0	0	0	0	0	-1	0	0	0	0	0
QSER1	0	0	0	0	0	0	0	0	0	0	-1	0
UBE2J1	0	0	0	0	0	0	0	0	0	0	-1	0
SCRN3	0	0	0	1	0	0	0	0	0	0	0	0
MTA3	0	0	0	0	0	0	0	0	1	0	0	0
TRIM14	0	0	0	0	0	0	0	0	0	0	1	0
RRP12	0	0	0	0	0	-1	0	0	0	0	0	0
AIF1L	0	0	0	0	0	0	0	-1	0	0	0	0
RCAN2	0	0	0	1	0	0	0	0	0	0	0	0
CNTRL	0	0	0	0	-1	0	0	0	0	0	0	0
AKAP7	0	0	0	1	0	0	0	0	0	0	0	0
TRMT5	0	0	0	0	0	0	0	0	0	0	-1	0
TBX21	0	0	0	0	0	1	0	0	0	0	0	0
HTR4	0	0	0	0	0	0	0	1	0	0	0	0
INF2	0	0	0	0	1	0	0	0	0	0	1	0
D2HGDH	0	1	0	0	0	0	0	0	0	0	0	0
MRC2	0	0	0	0	1	0	0	0	0	0	0	0
LHX6	0	0	1	0	0	0	0	0	0	0	0	0
COL9A2	0	0	1	0	0	0	0	0	0	0	0	0
TGFBI	0	0	0	0	0	0	0	0	0	0	1	0
ESR1	0	0	0	0	0	0	0	0	0	0	-1	0
SMOX	0	0	0	0	1	0	0	0	0	0	0	0
TMEM39A	0	0	0	0	0	0	0	0	0	0	-1	0
CPLX1	0	0	0	0	0	0	0	0	0	0	1	0
GDF10	0	0	0	0	0	1	0	0	0	0	0	0
POF1B	0	0	0	0	0	0	0	0	0	0	-1	0
PLPP7	0	1	0	0	0	0	0	0	0	0	0	0
TBC1D2	0	0	0	0	1	0	0	0	0	0	0	0
ACTR1A	0	0	0	0	1	0	0	0	0	0	0	0
TMEM86A	0	0	0	0	1	0	0	0	0	0	0	0
PRR7	0	0	1	0	0	-1	0	0	0	0	0	0
TNS1	-1	0	0	0	0	0	0	0	0	0	0	0
C15orf52	0	1	0	0	0	1	0	0	0	0	1	0
BIRC6	0	0	0	0	0	0	0	0	0	0	-1	0
CDK2	0	0	0	0	0	0	0	0	0	0	0	1
INPP5D	0	0	0	0	0	1	0	0	0	0	0	0
EML4	1	0	0	0	0	0	0	0	0	0	0	0
PQLC2	0	0	0	-1	0	0	0	0	0	0	0	0
ZDHHC14	0	0	0	0	0	1	0	0	0	0	0	0
RASAL3	0	0	0	0	0	1	0	0	0	0	0	0
ASPH	0	0	0	1	0	0	0	0	0	0	0	0
PDE1B	-1	0	0	0	0	0	0	0	0	0	0	0
CCL2	0	0	0	0	0	0	0	1	0	0	1	0
C14orf39	0	0	0	0	0	0	0	0	0	0	-1	0
TPST2	0	0	0	0	0	0	0	0	0	1	0	0
RTKN2	0	0	0	0	-1	0	0	0	0	0	0	0
BTBD3	0	0	0	0	0	0	0	0	0	0	0	-1
TRMT61A	0	0	0	0	1	0	0	0	0	0	0	0
CFDP1	0	0	0	0	0	0	0	0	0	0	0	-1
DNASE1L1	0	0	0	0	0	0	0	0	-1	0	0	0
IL1R1	-1	0	-1	0	0	0	0	0	0	0	0	0
WIPF1	-1	0	0	0	0	0	0	0	0	0	0	0
TCF4	0	0	0	0	0	0	0	0	1	0	0	0
CD3D	0	0	0	0	0	1	0	0	0	0	0	0
AKAP12	0	0	0	0	0	0	0	0	0	0	1	0
PRUNE2	-1	0	0	0	0	0	0	0	0	0	0	0
VMO1	0	0	0	0	0	0	0	0	0	0	0	1
UNC119	0	1	0	0	0	0	0	0	0	0	0	0
ZBTB12	0	0	1	0	0	0	0	0	0	0	0	0
RGS14	0	0	0	0	0	0	0	0	0	0	1	0
GALNT18	0	0	0	0	0	0	0	0	0	0	1	0
LAMA4	0	1	0	0	0	0	0	0	0	0	0	-1
FKBP5	-1	0	0	0	-1	0	-1	-1	0	0	0	0
ZNF574	0	0	0	0	0	0	0	0	0	0	0	1
REEP6	0	0	0	0	0	0	0	0	0	0	1	0
SIRT4	0	0	0	0	0	0	0	0	0	0	0	1
SH3BP5L	0	0	0	0	1	0	0	0	0	0	0	0
CDCA8	0	0	0	0	0	0	-1	0	0	0	0	0
PTGR1	0	0	0	0	0	0	0	0	0	0	0	1
PAF1	0	0	0	0	0	0	0	0	1	0	0	0
SLC25A33	0	0	0	0	0	0	0	0	0	0	0	-1
PRMT2	0	0	1	0	0	0	0	0	0	0	0	0
DES	0	0	0	1	0	0	0	0	0	0	0	0
CDK4	0	0	0	-1	1	-1	0	0	0	0	0	0
TIGD2	0	0	0	0	0	0	0	0	0	0	-1	0
APOOL	0	0	0	0	0	-1	0	0	0	0	0	0
LGI3	0	0	0	0	0	0	0	0	0	0	1	0
NEDD9	0	0	-1	0	0	0	0	0	0	0	0	0
TDRD7	0	0	0	0	0	1	0	0	0	0	0	0
MSR1	-1	0	0	0	0	0	0	0	0	0	0	0
CIITA	0	0	0	0	0	1	0	0	0	0	0	0
LCP2	-1	0	0	0	0	0	0	0	0	0	0	0
FGF2	0	-1	-1	0	0	0	0	0	0	0	0	0
RERG	0	0	-1	0	0	0	0	0	0	0	0	0
DZIP1L	0	0	0	0	0	0	0	0	0	0	1	0
C9orf40	0	0	0	0	0	0	0	0	0	0	-1	0
LEMD1	0	0	0	0	0	0	0	0	0	0	1	0
PIK3AP1	0	0	0	0	0	0	0	0	0	0	0	1
AICDA	0	0	0	0	-1	0	0	0	0	0	0	0
ADCY6	0	0	0	0	1	0	0	0	0	0	0	0
SPIDR	0	0	0	0	0	0	0	0	0	-1	0	0
HUS1	0	0	0	0	0	0	0	0	0	0	-1	0
TOR3A	0	0	0	0	0	0	0	0	0	0	1	1
VPS39	0	0	0	0	0	1	0	0	0	0	0	0
CFAP70	0	0	0	0	0	1	0	0	0	0	0	0
PPM1K	0	0	0	0	-1	0	0	0	0	0	0	-1
SOSTDC1	0	0	0	0	0	0	0	-1	0	0	0	0
NOS3	0	0	0	0	1	0	0	0	0	0	1	0
MINK1	0	0	0	0	0	1	0	0	0	0	0	0
C21orf2	0	0	0	0	0	0	0	0	0	0	0	1
RELB	0	0	0	0	1	0	0	0	0	0	0	0
LYRM2	0	0	0	1	0	0	0	0	0	0	0	0
CD3G	0	0	0	0	0	1	0	0	0	0	0	0
GK5	0	0	0	0	-1	0	0	0	0	0	0	0
ATAD5	0	0	0	0	0	0	0	0	0	0	-1	0
NEURL1B	0	0	0	0	0	0	0	0	1	0	0	0
RFX5	0	0	0	0	0	0	0	0	0	0	0	1
CRLF3	0	0	0	0	0	1	0	0	0	0	0	0
RHOBTB3	0	0	-1	0	0	0	0	0	0	0	0	0
SDC3	-1	0	0	0	1	0	0	0	0	0	0	0
FANCA	0	0	0	-1	0	0	0	0	0	0	0	0
XRCC3	0	0	0	0	0	0	-1	0	0	0	0	0
CDC25A	0	0	0	0	0	-1	0	0	0	0	0	0
MAP4K4	0	0	0	0	0	0	0	0	1	0	0	0
TMOD1	0	0	0	0	0	0	0	-1	0	0	0	0
BCAP29	0	0	0	0	0	-1	0	0	0	1	0	0
NUP107	0	0	0	0	0	-1	0	0	0	0	0	0
GHDC	0	0	0	-1	0	0	0	0	0	0	0	0
JMJD1C	0	0	0	0	0	0	0	0	0	1	0	0
PGR	0	0	0	0	0	0	0	0	0	0	-1	0
LRP1B	0	0	0	0	0	0	0	0	0	0	-1	0
OPHN1	0	0	-1	0	0	0	0	0	0	0	0	0
TMEM100	0	0	0	-1	0	0	0	-1	0	0	0	0
BANP	0	0	0	-1	0	0	0	0	0	0	0	0
DOCK2	-1	0	0	0	0	0	-1	1	0	0	0	0
SETD2	0	0	0	0	0	0	0	0	1	0	0	0
FRMD6	0	0	0	0	0	1	0	0	0	0	0	0
UROD	0	0	0	0	1	0	0	0	0	0	0	0
LRRFIP2	0	0	0	1	0	0	0	0	0	0	0	0
CWH43	1	0	0	0	0	0	0	0	0	0	0	0
TAPT1	0	0	0	1	0	0	0	0	0	0	0	0
RXRB	0	0	0	0	0	0	0	0	0	0	0	1
TCF7L2	0	0	-1	0	0	0	0	0	0	0	0	0
RBMS2	0	0	-1	0	0	0	0	0	0	0	0	0
BSDC1	0	0	0	0	1	1	0	0	0	0	0	0
FAM214A	0	0	0	0	-1	0	0	0	0	0	0	0
FZR1	0	0	1	0	1	0	0	0	0	0	0	0
ERI2	0	0	0	0	0	0	0	0	0	0	-1	0
GNL3	0	0	0	0	0	0	0	0	0	0	-1	-1
AKAP8	0	0	0	0	0	0	0	0	0	0	0	1
CCDC106	0	0	0	0	0	0	0	0	0	0	1	0
GLCCI1	0	0	0	0	0	0	0	0	0	0	-1	0
SUZ12	0	0	0	0	0	-1	0	0	0	0	0	0
CCDC159	0	0	0	0	0	0	0	0	0	0	0	1
THAP4	0	0	0	0	0	0	0	0	0	0	0	1
DDC	0	0	0	0	0	0	0	0	0	0	1	0
TRADD	0	0	0	0	0	0	0	0	0	0	0	1
LRRC2	0	0	0	1	0	0	0	0	0	0	0	0
BOK	0	-1	0	0	0	0	0	0	0	0	1	0
GPSM3	-1	0	0	0	0	0	-1	0	0	0	0	0
SLC25A26	0	0	0	1	0	0	0	0	0	0	0	0
TCHP	0	0	0	0	0	0	0	0	0	0	0	1
ST14	0	0	0	0	0	0	0	0	0	0	1	0
FBLIM1	0	0	0	0	0	0	0	0	0	0	1	0
RGS5	0	0	0	0	-1	1	0	0	0	0	0	0
FES	0	0	0	0	1	0	0	0	0	0	1	0
TXLNA	0	0	0	0	0	-1	0	0	0	0	0	0
RAB8A	0	0	0	-1	0	0	0	0	0	0	0	0
SHMT2	0	0	0	0	0	-1	0	0	0	0	0	0
CPNE9	0	0	0	0	0	0	0	0	0	0	1	0
BLVRB	0	0	0	0	1	0	0	0	0	0	1	0
TOE1	0	0	0	0	1	0	0	0	0	0	0	0
PLD2	0	0	0	0	0	0	0	0	0	0	0	1
RRAD	0	0	0	0	0	0	0	0	1	0	0	0
SWT1	0	0	0	0	0	0	0	0	0	0	-1	0
AMN1	0	0	0	1	0	0	0	0	0	0	0	0
ACTN1	0	0	0	0	1	0	0	0	0	0	1	0
TUBGCP2	0	0	0	0	0	0	0	0	0	0	1	0
SYNGR1	1	0	0	0	0	0	0	0	0	0	0	0
ANGPT2	0	0	0	0	0	0	0	0	0	0	0	-1
SDR42E1	1	0	0	0	0	0	0	0	0	0	0	0
IMPA2	0	0	0	0	0	0	0	0	0	0	1	0
FDFT1	0	0	0	1	0	0	0	0	0	0	1	0
RSPRY1	0	0	0	0	0	0	0	0	0	0	-1	0
KEAP1	0	0	0	0	0	-1	0	0	0	0	0	1
C15orf39	0	1	0	0	0	0	0	0	0	0	0	0
CLVS1	0	0	0	0	0	0	0	0	0	0	-1	0
POU2F2	0	0	0	0	0	0	0	1	0	0	0	0
FAM89A	0	0	0	0	0	0	0	-1	0	0	0	0
SCG3	-1	0	0	0	0	0	0	0	0	0	0	0
SUFU	0	0	0	0	0	0	0	0	0	0	0	1
AHSA1	0	0	0	0	0	0	0	0	0	0	0	-1
LENG8	0	0	0	0	0	1	0	0	0	0	0	0
HDAC2	0	0	0	0	0	-1	0	0	0	0	0	0
PNPLA3	0	0	0	0	0	0	0	0	0	0	1	0
CSTF3	0	0	0	0	0	0	0	0	0	0	0	-1
MRPL35	0	0	0	0	0	-1	0	0	-1	0	0	0
TRIP11	0	0	0	0	-1	0	0	0	0	0	0	0
ARHGAP32	0	0	0	0	0	0	0	0	0	1	0	-1
CCDC112	0	0	0	1	0	0	0	0	0	0	0	0
TOMM40	0	0	0	0	0	-1	0	0	0	0	0	0
EBF4	0	0	0	0	0	0	0	0	0	0	1	0
FGFR1OP	0	0	0	0	0	0	0	0	0	0	-1	0
CTDNEP1	0	0	0	0	0	0	0	-1	0	0	0	0
RNF44	0	0	0	0	0	0	0	0	0	0	0	1
CYC1	0	0	0	0	1	0	0	0	0	0	0	0
PRKCE	0	0	0	0	0	0	0	0	0	0	-1	0
SLC12A4	0	0	0	0	1	1	0	0	0	0	0	0
ATP9B	0	0	0	0	0	0	0	1	0	0	0	0
ARAP1	0	1	0	0	0	0	0	0	0	0	0	0
GPAA1	0	0	0	0	1	0	0	0	0	0	0	0
TTC9B	0	0	1	0	0	0	0	0	0	0	0	0
BCAM	0	0	0	0	1	0	0	0	0	0	0	0
TTC37	0	0	0	0	0	0	0	0	0	0	-1	0
KCNIP1	0	0	0	0	0	0	0	0	0	0	0	-1
ICA1	0	0	0	0	0	0	0	0	0	0	-1	0
ZNF672	0	0	0	0	1	-1	0	0	0	0	0	0
TMEM159	0	0	0	1	0	0	0	0	0	0	0	0
GPATCH4	0	0	0	0	0	-1	0	0	0	0	0	0
DHX58	0	0	0	0	0	0	0	0	0	0	0	1
PIK3CG	0	0	0	0	0	0	0	1	0	0	0	0
SERINC1	0	0	0	1	0	0	0	0	0	0	0	0
EPN1	0	0	0	0	1	0	0	0	0	0	0	0
POLR3B	1	0	0	0	0	-1	0	0	0	0	0	0
NAPB	0	0	0	0	0	0	0	0	1	0	0	0
SLC25A5	0	-1	0	-1	0	0	0	0	0	0	0	0
SRSF11	0	0	0	0	-1	0	0	0	0	0	0	0
SSBP4	0	0	0	0	1	0	0	0	0	0	0	1
OLFML1	0	0	0	0	0	1	0	0	0	0	0	0
MAP4K3	0	0	0	0	0	0	0	0	0	0	-1	0
EHD3	0	1	0	0	0	0	0	0	0	0	0	0
DAPK2	0	0	0	0	0	0	0	0	0	0	1	0
IBA57	0	0	0	0	1	-1	0	0	0	0	0	0
SSBP1	0	0	0	0	0	-1	0	0	0	0	0	0
RAD9A	0	0	0	-1	0	0	0	0	0	0	0	0
ARSA	0	0	0	-1	1	0	0	0	0	0	0	1
CHMP2B	0	0	0	0	0	0	0	0	0	0	-1	0
KLF15	-1	0	0	0	0	0	0	0	0	0	0	0
JUND	0	0	1	0	0	0	0	0	0	0	0	0
EVC	0	0	0	0	0	0	0	0	0	0	0	1
VASN	0	0	0	0	1	0	0	0	0	0	1	0
TIMELESS	0	0	0	-1	0	0	0	0	0	0	0	0
RAVER2	0	0	0	0	-1	0	0	0	0	0	0	0
MEOX2	0	0	0	0	0	1	0	0	0	0	0	0
APBB1IP	0	0	0	-1	0	0	-1	0	0	0	0	0
RALGPS2	0	0	0	0	-1	0	0	0	0	0	0	0
TBC1D10C	0	0	0	0	0	0	-1	0	0	0	0	0
SEPT1	0	0	0	0	0	0	-1	0	0	0	0	0
LONRF2	0	1	0	0	0	0	0	0	0	0	0	0
ZNF414	0	0	1	0	0	0	0	0	0	0	0	0
CCDC152	0	0	0	0	0	1	0	0	0	0	0	0
GNA12	-1	0	0	0	0	0	0	0	0	0	0	0
DAPL1	0	0	0	0	0	0	0	0	0	0	1	0
BCL6B	0	0	0	1	1	0	0	0	0	0	0	0
KCNF1	0	0	1	0	0	0	0	0	0	0	0	0
IL1RN	0	0	0	0	0	0	0	1	0	0	0	0
ZNF280C	0	0	0	0	0	0	0	0	0	0	-1	0
TMUB1	0	0	0	0	0	0	0	0	0	0	1	0
NOP10	0	0	0	0	0	-1	0	0	0	0	0	0
MDM1	0	0	0	0	0	0	0	0	-1	0	0	0
ARHGAP23	0	0	0	0	1	0	0	0	0	0	0	0
HRH2	0	0	0	0	0	-1	0	0	0	0	0	0
GRINA	0	0	0	0	1	0	0	0	0	0	0	0
NAGLU	0	0	0	-1	0	0	0	0	0	0	0	0
CREB3L1	0	1	0	0	0	1	0	0	0	0	0	0
CCR5	0	0	0	0	0	0	0	0	-1	0	0	0
EED	0	0	0	0	0	0	0	0	0	0	-1	0
CYFIP2	0	0	0	0	0	0	0	0	0	0	0	-1
ASIC1	0	0	0	0	0	0	0	0	0	0	1	0
B4GALT1	0	0	0	0	0	0	0	0	0	0	1	0
GMIP	0	0	0	0	0	0	0	0	0	0	1	0
SENP6	0	0	0	1	0	0	0	0	0	1	0	0
FEM1C	0	0	-1	0	0	0	0	0	0	0	0	0
FNDC3A	0	0	0	0	0	0	0	0	0	1	-1	0
PIGF	0	-1	0	0	0	-1	0	0	0	0	0	0
CLN6	0	0	0	0	0	0	0	0	-1	0	0	0
ADAM12	0	0	0	0	0	-1	0	0	0	0	0	0
OLA1	0	0	0	0	0	-1	0	0	0	0	0	0
STARD8	-1	0	0	0	0	0	0	0	0	0	0	0
DNAJB2	0	0	0	0	1	0	0	0	0	0	0	0
SLC16A7	0	0	0	0	0	0	0	0	0	0	-1	0
NET1	0	0	0	0	0	0	0	0	0	0	1	0
CFAP36	0	-1	0	0	0	0	0	0	0	0	0	0
MEF2C	0	0	0	0	0	0	0	0	1	0	0	0
ATAD2	0	0	-1	0	0	0	0	0	0	0	0	0
CCL24	0	0	0	0	0	0	0	0	0	-1	0	0
OCIAD2	1	0	0	0	0	0	0	0	0	0	0	0
NIPA2	0	0	0	0	0	0	0	0	0	0	0	-1
GXYLT1	0	0	0	0	0	0	0	0	0	0	0	-1
ARHGEF26	0	0	0	0	0	0	0	0	0	0	1	0
TUBB	0	0	0	0	0	-1	0	0	0	0	0	0
FN1	-1	0	0	0	0	0	0	0	0	0	1	0
TRA2A	0	0	0	0	0	0	-1	0	0	0	0	0
PPP1R16A	0	0	0	0	1	0	0	0	0	0	0	0
THAP3	0	0	0	0	0	0	0	0	0	0	0	1
NFIA	0	0	0	0	0	0	0	0	1	0	0	0
MOB4	0	0	0	0	0	0	0	0	0	0	0	-1
ENKD1	-1	0	0	0	0	0	0	0	0	0	0	0
PDAP1	0	0	0	0	0	-1	0	0	0	0	0	0
RGMA	0	0	0	0	0	0	0	0	0	0	1	0
PLRG1	0	0	0	0	0	-1	0	0	0	0	0	0
CYYR1	0	0	0	0	0	0	0	-1	0	0	0	0
NCEH1	0	-1	0	0	0	0	0	0	0	0	0	0
SLC4A3	0	0	0	0	0	0	0	0	0	0	1	0
LITAF	0	1	0	0	0	0	0	0	0	0	0	0
SLC4A2	0	0	0	0	1	0	0	0	0	0	0	0
KCNQ1	-1	0	0	0	0	0	0	0	0	0	0	0
CD164L2	0	0	0	0	0	0	0	0	0	0	1	0
BACH1	0	0	0	-1	0	0	0	0	0	0	0	0
GET4	0	0	0	0	1	0	0	0	0	0	0	0
CRYGS	-1	0	0	0	0	0	0	0	0	0	0	0
RPGRIP1L	0	0	0	1	0	0	0	0	0	0	0	0
KLHL32	0	0	0	0	0	0	0	0	0	0	-1	0
MAP3K7CL	0	0	0	1	0	0	0	0	0	0	0	0
KIF7	0	0	0	0	0	0	0	0	0	0	1	0
APBA3	0	0	0	0	0	0	0	0	0	0	0	1
NFYA	0	0	0	0	0	-1	0	0	0	0	0	0
EPOR	-1	0	0	0	0	0	0	0	0	0	1	0
RHPN2	0	0	-1	0	0	0	0	0	0	0	0	0
BORA	0	0	0	0	0	0	0	0	-1	0	0	0
SDC4	0	0	0	0	0	0	0	0	0	0	1	0
ARV1	0	1	0	0	0	0	0	0	0	0	0	0
GRIP2	0	0	0	0	0	1	0	0	0	0	1	0
ZFYVE9	1	0	0	0	0	0	0	0	0	0	0	0
TYW5	0	0	0	0	-1	0	0	0	0	0	0	0
ANKRD13C	0	0	0	0	0	0	0	0	0	0	-1	0
IL10RA	0	0	0	0	0	0	-1	0	0	0	0	0
TTLL12	0	0	0	0	0	-1	0	0	0	0	0	0
EPS8	-1	0	0	0	0	0	0	0	0	0	0	0
APTX	0	0	0	0	0	0	0	0	0	0	0	-1
SLC38A6	0	0	0	0	0	0	0	0	0	0	-1	0
SIX1	0	0	0	0	0	-1	0	0	0	0	0	0
ELK4	0	0	0	0	0	0	0	0	1	0	0	0
MIEF2	0	1	0	0	0	0	0	0	0	0	0	0
LRRC75A	0	0	1	0	0	0	0	0	0	0	0	0
AEN	0	0	0	0	0	-1	0	0	0	0	0	0
DHX32	0	0	0	0	0	-1	0	0	0	0	0	0
APMAP	0	0	0	-1	0	0	0	0	0	0	0	0
IP6K3	0	0	0	-1	0	0	0	0	0	0	0	0
SEC11C	0	-1	0	0	0	0	0	0	0	1	0	0
RBFOX1	0	0	0	1	0	0	0	0	0	0	0	0
ASIC2	0	0	0	0	0	0	0	0	0	0	-1	0
C1orf53	0	0	0	0	0	0	0	0	0	1	0	0
JARID2	0	0	0	0	0	0	0	0	0	0	0	-1
CNTN5	0	0	0	0	0	0	0	0	0	0	-1	0
CBARP	0	0	0	0	0	-1	0	0	0	0	0	0
NT5DC2	0	0	0	0	0	0	0	0	0	0	1	0
MXRA8	0	0	0	0	0	0	0	0	0	0	1	0
RARS	0	0	0	0	0	-1	0	0	0	0	0	0
UBN2	0	0	0	0	0	0	0	0	0	0	-1	0
CDH11	0	0	0	0	0	0	0	0	0	0	1	0
DEF6	0	0	0	0	0	0	-1	0	0	0	0	0
HEPH	0	0	0	0	0	0	0	0	0	0	1	0
NAP1L3	0	0	0	0	0	0	0	0	0	0	-1	0
DOCK6	0	0	0	0	1	0	0	0	0	0	0	0
STAMBPL1	0	0	0	0	0	0	0	0	0	-1	0	0
CHPF2	0	0	0	0	1	0	0	0	0	0	0	0
PUM2	0	0	0	0	0	0	0	0	0	0	-1	0
KANK2	-1	0	0	-1	0	0	0	0	0	0	0	1
PRPF40B	0	0	1	0	0	0	0	0	0	0	0	0
AP3B2	0	0	0	0	0	0	0	-1	0	0	0	0
ZNF513	0	0	0	0	0	0	0	0	0	0	0	1
DST	0	0	0	0	0	1	0	0	0	0	0	0
NXN	0	0	0	0	0	0	0	0	0	0	1	0
ZCCHC8	0	0	0	0	0	0	0	0	0	0	-1	0
PHF1	0	0	0	0	0	0	0	0	1	0	0	0
SCARF2	-1	0	0	0	0	0	0	0	0	0	0	0
PPP2R3A	0	0	0	1	0	0	0	0	0	0	0	0
PMEPA1	0	0	0	0	1	0	0	0	0	0	0	0
ZNF397	0	0	0	0	0	0	0	0	0	0	-1	0
PIGA	0	0	0	0	0	0	0	0	0	0	0	-1
SEC61A1	0	0	0	-1	0	0	0	0	0	0	0	0
TMEM243	-1	0	0	0	0	0	0	0	0	0	0	0
TFAP2A	1	0	0	0	0	0	0	0	0	0	0	0
VAPA	0	0	0	0	0	0	0	0	0	0	-1	0
DENND6A	0	0	0	0	-1	0	0	0	0	0	0	0
ZBTB10	0	0	0	0	0	0	0	0	0	1	-1	0
CLDN4	0	0	0	0	0	0	0	0	0	0	1	0
TRMT13	0	0	0	0	0	0	0	0	0	0	-1	0
IL1B	0	0	0	0	0	-1	0	0	0	0	0	0
WIPF3	0	0	-1	0	0	0	0	0	0	0	0	0
HDAC11	0	0	0	1	0	0	0	0	0	0	0	0
KCTD13	0	0	0	0	0	0	0	0	0	-1	0	0
MFSD2A	0	0	0	0	0	0	0	0	0	-1	0	0
GAB1	1	0	0	0	0	1	0	0	0	0	0	0
ZNF467	0	0	0	0	0	0	0	0	0	0	1	0
ANPEP	-1	0	0	0	0	0	0	0	0	0	1	0
ELF4	0	0	0	0	0	0	0	0	0	0	1	0
QPCT	0	0	0	-1	0	0	0	0	0	0	0	0
LETM1	0	0	0	0	0	0	0	0	-1	0	0	0
CCND3	-1	0	0	0	0	0	-1	0	0	0	0	0
CCNA2	0	0	0	0	0	0	-1	0	0	0	0	0
ARHGAP30	0	0	0	0	0	0	-1	0	0	0	0	0
PPL	0	0	0	0	0	0	0	0	0	0	1	1
NKIRAS1	0	0	0	0	0	-1	0	0	0	0	0	0
AGA	0	0	0	1	0	0	0	0	0	0	0	0
MAP7D1	0	0	0	0	1	0	0	0	0	0	0	0
SLC25A37	0	0	0	1	0	0	0	0	0	0	0	0
TNFRSF14	0	0	0	0	0	0	0	0	0	0	1	0
PLCB3	0	0	0	0	0	0	0	0	0	0	1	1
DIMT1	0	0	0	0	0	-1	0	0	0	0	0	0
SNX5	0	0	0	0	-1	0	1	0	0	0	0	0
CPVL	0	0	0	0	0	1	0	0	0	0	0	0
SUB1	0	0	0	0	0	0	1	0	0	0	0	0
ARHGAP4	0	0	0	0	0	0	0	0	0	0	1	0
MPHOSPH10	0	0	0	0	0	-1	0	0	0	0	-1	0
CTNNBL1	0	0	0	-1	0	0	0	0	0	0	0	0
EAF2	0	0	0	0	0	0	0	1	0	0	0	0
RCAN1	0	0	0	0	0	0	1	0	0	0	0	0
SLC48A1	0	0	0	0	1	0	0	0	0	0	0	0
FZD5	0	0	0	0	0	0	0	0	0	0	1	0
VAMP4	0	0	0	0	0	0	0	0	0	0	-1	0
TMEM200A	0	0	0	0	0	-1	0	0	0	0	0	0
TMEM176A	0	0	-1	0	0	0	0	0	0	0	0	0
CUTC	0	0	0	1	0	-1	0	0	0	0	0	0
RCCD1	0	0	0	-1	0	0	0	0	0	0	0	0
COL8A1	0	0	0	0	0	1	0	0	0	0	0	0
PPOX	0	0	0	0	0	0	0	0	0	0	0	1
SNX17	0	0	0	0	1	0	0	0	0	0	0	0
CD9	1	0	0	0	0	1	1	0	0	0	1	0
ADAM33	0	1	0	0	0	0	0	0	0	0	0	0
IGFBP3	0	0	0	-1	0	0	0	0	0	0	0	0
LRRC8D	0	0	0	-1	0	0	0	0	0	0	0	0
PSMD6	0	0	0	0	0	-1	0	0	0	0	0	0
UHRF2	0	0	0	0	0	0	0	0	0	0	-1	0
ABTB1	0	0	0	0	0	0	0	0	0	0	0	1
RAB31	0	0	0	0	0	0	0	0	0	0	1	0
NAGPA	0	0	0	0	0	0	0	0	0	0	0	1
CERS2	0	0	0	-1	0	0	0	0	0	0	0	0
CHST11	0	0	0	0	0	-1	0	0	0	0	0	0
TBC1D8B	0	0	0	0	0	1	0	0	0	0	-1	0
ZNF644	0	0	0	0	0	0	0	0	0	0	-1	0
ARHGAP17	0	0	0	0	0	1	0	0	0	0	0	0
PARP9	0	1	0	0	0	0	0	0	0	0	0	0
FAM221A	0	0	0	0	-1	0	0	0	0	0	0	0
ZSWIM3	0	0	0	0	0	0	0	0	0	-1	0	0
ACVR1C	0	0	0	0	0	0	0	0	0	0	-1	0
SH2B3	0	1	0	0	0	0	0	0	0	0	0	0
GSPT1	0	0	0	0	0	0	0	0	0	0	-1	-1
ZSCAN2	0	0	0	0	0	0	0	0	0	0	-1	0
PTPN4	0	0	0	0	0	0	0	0	0	1	0	0
VAT1L	0	0	0	0	0	0	-1	0	0	0	0	0
FBXO45	0	0	0	0	0	0	0	0	0	0	-1	0
SEMA3D	0	0	0	0	0	0	0	0	0	0	-1	0
RNF11	0	0	0	0	0	0	0	0	1	0	0	-1
CYTIP	0	0	0	0	0	1	0	1	0	0	0	0
SUPT16H	0	0	0	0	0	-1	0	0	0	0	0	0
SNCG	0	0	0	0	0	0	0	0	0	0	1	0
SESN1	0	0	-1	0	-1	0	0	0	0	-1	0	0
SLC13A5	0	0	0	0	0	0	0	0	0	1	0	0
MPV17	0	0	0	0	0	0	0	-1	0	0	0	0
CHN2	0	0	0	0	0	0	0	-1	0	0	0	0
RAC2	0	0	0	-1	0	0	-1	0	0	0	0	0
FBXO2	0	0	0	0	0	0	0	0	0	0	1	0
SMIM19	0	0	0	1	0	0	0	0	0	0	0	0
SLC15A2	-1	0	0	0	0	0	0	0	0	0	0	0
HLTF	0	0	0	1	0	0	0	0	0	0	0	0
ZNF746	0	0	0	-1	0	0	0	0	0	0	0	0
TLR8	-1	0	0	0	0	0	0	0	0	0	0	0
DDX58	0	0	0	1	0	0	0	0	0	0	0	0
KMT2B	0	0	0	0	0	0	0	0	0	0	0	1
HSPH1	0	0	0	0	0	0	0	0	0	0	0	-1
PTP4A3	0	1	0	0	0	0	0	0	0	0	0	0
SH3BP1	0	0	0	0	1	0	0	0	0	0	0	0
GMFG	-1	0	0	0	0	0	0	0	0	0	0	0
SLIT3	-1	0	0	0	0	0	0	0	0	0	0	0
ERICH3	0	0	0	0	0	0	0	0	0	0	-1	0
MEF2D	0	0	0	0	0	0	0	1	0	0	0	0
NOL7	0	0	0	0	0	-1	0	0	0	0	0	0
PRADC1	0	0	0	0	1	0	0	0	0	0	0	0
CNP	0	0	0	0	0	0	0	0	0	0	1	1
PLXNB2	0	0	0	-1	1	0	0	0	0	0	0	1
A4GALT	0	0	0	-1	0	0	0	0	0	0	0	0
CHAC2	0	0	0	0	0	0	0	0	0	1	0	0
PEX1	0	0	0	0	-1	0	0	0	0	0	0	0
SLC45A4	0	0	0	0	0	0	1	0	0	0	0	0
MIS18A	0	0	0	0	0	0	0	0	0	0	0	1
SIGMAR1	0	0	0	-1	0	0	0	0	0	0	0	0
SSH3	0	0	0	0	1	0	0	0	0	0	0	0
PPP1R3E	0	0	0	0	0	1	0	0	0	0	0	0
DYSF	0	0	1	0	0	0	0	0	0	0	0	0
GOT1	0	0	0	0	0	-1	0	0	0	0	0	0
SRL	0	0	0	0	0	0	1	0	0	0	0	0
ANO6	0	0	0	0	0	0	0	0	0	0	1	0
PATZ1	0	0	0	0	0	0	0	0	0	0	0	1
ITPKA	0	0	0	0	0	0	0	0	0	0	0	1
CAV3	0	0	0	1	0	0	0	0	0	0	0	0
RNF215	0	0	0	-1	0	0	0	0	0	0	0	0
TNS3	0	0	0	-1	0	0	0	0	0	0	0	0
SKIV2L2	0	0	0	0	0	0	0	0	0	0	-1	0
MTFP1	0	0	0	0	0	-1	0	0	0	0	0	0
SLC39A1	0	0	0	0	1	0	0	0	0	0	0	1
EFHD1	-1	0	0	0	0	0	-1	0	0	0	0	0
CLCN4	0	0	0	1	0	0	0	0	0	0	0	0
ACKR3	0	0	0	0	0	0	0	0	0	0	1	-1
FBXO31	-1	0	0	0	0	0	0	0	0	0	0	0
PCP4	0	0	0	0	0	0	0	0	0	0	1	0
ADD1	0	0	0	0	0	1	0	0	0	0	0	1
NETO2	0	0	0	0	-1	0	0	0	0	0	0	0
EVC2	0	0	0	0	0	0	0	0	0	0	1	1
VSTM2B	0	0	1	0	0	0	0	0	0	0	0	0
EML3	0	0	0	0	0	0	0	0	0	0	0	1
TBCC	0	0	0	0	0	0	0	0	0	-1	0	0
FILIP1L	0	0	0	1	0	0	0	0	0	0	0	0
CDKL4	0	0	0	0	0	0	0	0	0	0	-1	0
UBA1	0	0	0	-1	-1	0	0	0	0	0	-1	0
ALG14	1	0	0	0	0	0	0	0	0	0	0	0
LAMC1	-1	0	0	0	0	0	0	0	0	0	0	0
C4orf48	0	0	1	0	0	0	0	0	0	0	0	0
FAM19A5	0	0	0	0	0	0	0	0	0	0	1	0
RTF1	0	0	0	1	0	0	0	0	0	0	0	0
CCDC6	0	0	0	0	0	0	0	0	0	0	-1	0
HDDC3	0	0	0	0	0	0	0	0	-1	0	0	0
PAX8	0	0	0	0	0	0	-1	0	0	0	0	0
EIF2AK4	0	0	0	0	0	0	0	0	0	-1	0	0
AZIN1	0	0	0	0	0	0	0	0	0	0	0	-1
PDE4A	0	0	0	0	0	0	0	0	1	0	0	0
TYK2	0	0	0	0	0	1	0	0	0	0	0	1
ALOX5AP	-1	0	0	-1	0	0	-1	0	0	0	0	0
TUSC2	0	0	0	0	0	0	0	0	0	0	1	0
GNAL	0	0	0	0	0	1	0	0	0	0	0	0
C7orf50	0	0	0	0	0	0	0	0	-1	0	1	0
NSMCE1	0	0	0	1	0	0	0	0	0	0	0	0
CORO1C	0	0	0	-1	0	0	0	0	0	0	0	0
NOP2	0	0	0	-1	0	-1	0	0	0	0	0	0
GLS2	0	0	0	0	0	0	0	0	0	0	0	-1
ADORA2A	0	0	0	0	1	0	0	0	0	0	0	0
GNRH1	0	0	0	0	0	0	0	0	0	-1	0	0
TMEM176B	0	0	-1	0	0	0	0	0	0	0	0	0
TRAF3IP2	0	0	0	-1	0	0	0	0	0	0	0	1
FBXO21	0	0	0	0	0	0	0	0	0	1	0	0
CBX7	0	0	0	0	0	0	0	0	0	0	0	1
UBR1	0	0	0	1	0	0	0	0	0	0	0	0
IRF7	0	1	0	0	0	0	0	0	0	0	0	1
MSRB3	0	0	0	1	0	0	0	0	0	0	0	0
USP21	0	0	0	0	0	0	0	0	0	0	0	1
CCDC88B	0	0	0	0	0	0	0	0	0	0	1	0
NUS1	0	0	0	0	0	0	0	0	0	0	-1	-1
SUCO	0	0	0	0	0	1	0	0	0	0	0	0
ARL15	0	0	-1	0	0	0	0	0	0	0	0	0
ARHGAP29	0	0	0	0	0	1	0	0	0	0	0	0
GNAZ	-1	0	0	0	0	0	0	0	0	0	0	0
RFC3	0	0	0	0	0	-1	0	0	0	0	0	0
CCND2	0	1	0	0	0	0	0	0	0	0	0	0
KLHDC10	0	0	0	0	0	-1	0	0	0	0	0	0
VPS35	0	0	0	0	0	0	0	0	0	0	0	-1
NAP1L4	0	0	0	0	0	0	0	0	0	0	-1	0
BICC1	0	0	0	0	0	1	0	0	0	0	0	0
ADAMTSL1	0	0	0	0	0	0	0	0	0	0	1	0
ZSWIM1	0	0	0	-1	0	0	0	0	0	0	0	0
RNPEPL1	0	0	0	0	0	0	0	0	0	0	0	1
ZDHHC17	0	0	0	0	-1	0	0	0	0	0	-1	0
CNTN1	0	0	-1	0	0	0	0	0	0	0	0	0
ALDH5A1	0	0	0	0	-1	0	0	0	0	1	0	0
FST	-1	0	0	0	0	0	0	0	0	0	0	0
ZBTB11	0	0	0	0	-1	0	0	0	0	0	0	0
FGR	-1	0	0	0	0	0	-1	0	0	0	0	0
EIF4A1	0	0	0	0	1	0	0	0	0	0	0	0
STC1	0	0	0	0	0	0	0	0	1	0	0	0
ACCS	0	0	0	0	0	1	0	0	0	0	0	0
GALNT11	0	0	0	1	0	0	0	0	0	0	0	0
ZNF503	0	-1	0	0	0	0	0	0	0	0	0	0
DNAL4	0	0	0	0	0	0	0	-1	0	0	-1	0
NOL9	0	0	0	0	0	0	0	0	0	0	-1	0
CARM1	0	0	0	0	0	0	0	0	0	0	0	1
BEST1	0	0	0	0	0	0	0	0	0	0	1	1
KEL	0	0	0	0	1	0	0	0	0	0	0	0
BANK1	0	0	0	0	-1	0	0	0	0	0	0	0
BMPR1A	0	0	0	0	0	0	0	1	0	0	0	0
SLC13A3	0	0	1	0	0	1	0	0	0	0	0	0
CCT5	0	0	0	0	0	-1	0	0	0	0	0	-1
KIAA2026	0	0	0	0	0	0	0	0	0	0	-1	0
CDC40	0	0	-1	0	0	0	0	0	0	0	0	0
STK17B	0	0	-1	0	-1	0	0	0	0	0	0	0
GDAP1	0	0	0	1	0	0	1	0	0	0	0	0
TNFRSF1B	0	0	0	0	1	0	0	0	0	0	1	1
MGLL	0	0	0	0	0	0	0	0	0	0	1	0
ARHGAP18	0	0	0	0	0	1	0	0	0	0	0	1
NRROS	-1	0	0	0	0	0	-1	0	0	0	0	0
TUBB6	0	0	0	0	0	-1	0	0	0	0	0	0
DMTN	0	0	0	0	1	0	0	0	0	0	1	0
ADAMTS1	-1	0	0	0	0	0	0	0	0	0	0	0
VEGFC	0	0	0	0	0	1	0	0	0	0	0	0
ACAD10	0	0	0	0	0	0	0	0	0	0	0	1
SAPCD1	0	0	0	0	0	1	0	0	0	0	0	0
SAMD11	0	0	0	0	0	0	0	0	0	0	1	0
GINS2	0	0	0	0	0	1	0	0	0	0	0	0
COL4A6	0	0	0	0	0	0	0	0	0	0	0	1
KCTD4	0	0	0	0	0	0	0	0	0	0	-1	0
VEGFA	0	0	0	0	1	0	0	0	0	0	0	0
CDC16	0	0	0	0	0	0	0	0	0	0	-1	0
SLC20A2	0	0	0	1	0	0	1	0	0	0	0	0
TNFSF10	0	0	0	0	0	0	0	0	0	0	0	1
PRKX	0	0	0	0	-1	1	0	0	0	0	0	0
HS1BP3	0	0	0	-1	0	0	0	0	0	0	0	0
PGPEP1	0	0	0	0	0	0	0	0	0	-1	0	0
VPS13C	0	0	0	0	-1	0	0	0	0	0	-1	0
SCARB1	0	0	0	0	0	0	0	0	0	0	1	0
COX7B	0	0	0	0	0	-1	0	0	0	0	0	0
PDIK1L	0	0	0	0	0	0	0	0	0	0	-1	0
GGT7	0	0	0	0	0	1	0	0	0	0	0	0
CRY2	0	1	0	0	0	0	0	0	0	0	0	0
DSCAM	0	0	0	0	0	0	0	0	0	0	-1	0
MAGOHB	0	0	0	0	0	-1	0	0	0	0	0	0
PLXDC2	0	0	0	0	0	0	0	0	0	0	1	0
ARL6IP6	0	0	0	0	0	0	0	0	0	0	-1	0
DLG1	0	0	0	0	0	0	0	0	0	0	0	-1
RIC8A	0	0	0	0	0	0	0	0	-1	0	0	0
AASS	0	0	0	0	0	-1	0	0	0	0	0	0
PAG1	0	0	0	0	0	0	0	0	0	0	-1	0
F3	0	0	-1	0	0	0	0	0	0	0	1	0
TRIM27	0	0	0	0	0	0	0	0	0	0	-1	0
STK40	0	0	0	0	1	0	0	0	0	0	0	0
NECAB1	0	0	0	0	0	0	0	0	0	0	1	0
TBC1D30	0	0	0	0	0	0	0	0	0	0	0	-1
HPS1	0	0	0	0	0	0	0	0	0	0	0	1
PCK1	-1	0	0	0	0	0	0	0	0	0	0	0
ZDHHC8	0	0	1	0	1	0	0	0	0	0	0	0
PSMB5	0	0	0	0	1	0	0	0	0	0	0	0
ZMYM3	0	0	0	0	0	0	0	0	0	0	0	1
MYCL	0	0	0	0	0	0	0	0	0	-1	0	0
CAB39	0	0	0	1	0	0	0	0	0	0	0	0
NR2C1	0	0	0	0	0	0	0	0	0	0	-1	0
ADAMTS5	-1	0	0	0	0	0	0	0	0	0	0	0
MPP7	0	0	0	1	0	1	0	0	0	0	-1	0
CDAN1	0	0	0	0	1	0	0	0	0	0	0	0
COQ10B	0	0	0	0	0	-1	0	0	0	0	0	0
S100A4	0	0	0	0	0	0	0	0	0	0	1	0
KL	0	0	0	0	0	0	0	0	0	0	1	0
GOLGA7B	0	0	0	0	0	0	0	0	0	0	0	-1
MYH11	0	0	0	0	-1	0	0	0	0	0	0	0
PRKD1	0	0	0	0	0	0	0	0	0	0	0	1
GBA2	0	0	0	0	1	0	0	0	0	0	0	0
CASS4	0	0	0	0	0	0	0	0	-1	0	0	0
ASPA	0	0	0	0	0	0	0	0	0	0	1	0
MGME1	0	0	0	0	0	0	0	0	0	0	-1	0
AVPI1	0	0	0	0	0	0	0	0	0	0	0	-1
FOCAD	1	0	0	0	0	0	0	0	0	0	0	0
TRAPPC8	0	0	0	0	-1	0	0	0	0	0	0	0
IFI44	0	1	0	0	0	0	0	0	0	0	0	0
CEP83	0	0	0	0	0	0	0	0	0	0	0	-1
LRCH2	0	0	0	0	0	0	0	0	0	0	-1	0
OCIAD1	0	0	0	1	0	0	1	0	0	0	0	0
ASXL1	0	0	1	0	0	0	0	0	0	0	0	0
CPM	0	0	0	0	0	0	-1	0	0	0	0	0
ACAA2	0	0	0	0	1	0	0	0	0	0	0	0
PRPF19	0	0	0	0	0	-1	0	0	0	0	0	0
GLG1	0	0	0	0	0	0	1	0	0	0	0	0
PPP1R36	1	0	0	0	0	0	0	0	0	0	0	0
RPS6KB2	0	0	0	0	1	0	0	0	0	0	0	0
GRK4	0	0	0	0	0	0	0	0	0	0	-1	0
NOTCH2	0	0	0	0	0	0	0	0	0	0	1	0
KIAA0895	0	0	0	0	0	0	0	0	0	0	-1	0
PISD	0	0	0	0	0	-1	0	0	0	0	0	0
TRIM23	0	0	0	0	0	0	0	0	0	0	-1	0
C16orf92	0	0	0	0	0	0	0	0	0	0	-1	0
URI1	0	0	0	0	0	0	1	0	0	0	0	0
KLHL8	0	0	0	0	0	0	1	0	0	0	0	0
SCN5A	0	0	0	0	0	0	0	0	0	0	1	0
SHROOM2	1	0	0	0	0	0	0	0	0	0	0	0
SPP1	0	0	0	0	0	0	0	0	0	0	1	0
TMEM138	0	0	0	-1	0	0	0	0	0	0	0	0
NFE2	0	0	0	0	1	0	0	0	0	0	0	0
CDK18	0	0	0	0	1	0	0	0	0	0	0	0
ZNF583	0	-1	0	0	0	0	0	0	0	0	0	0
GUF1	0	0	0	1	0	0	0	0	0	0	-1	0
CRH	0	0	1	0	0	0	0	0	0	0	0	0
APC2	0	0	0	0	0	0	0	0	0	0	1	0
MFAP5	-1	0	0	0	0	0	0	0	0	0	0	0
STK26	0	0	0	0	-1	0	0	0	0	0	0	0
U2AF2	0	0	1	0	0	0	0	0	0	0	0	0
SEC22B	0	0	0	-1	0	0	0	0	0	0	0	0
CLSTN3	0	0	0	0	0	-1	0	0	0	0	0	0
SYAP1	0	0	0	-1	-1	0	0	0	0	0	0	-1
SMARCC1	0	0	0	0	-1	0	0	0	0	0	0	0
CD302	0	0	0	0	0	0	0	0	0	0	1	0
SDC1	0	0	0	0	0	0	0	0	0	0	1	0
WNT5B	0	0	0	0	0	0	0	0	0	0	1	1
SELPLG	-1	0	0	0	0	0	-1	0	0	0	0	0
CPEB3	0	0	0	0	0	1	0	0	0	0	0	0
SHISA6	0	0	-1	0	0	0	0	0	0	0	0	0
CYP51A1	0	0	0	0	0	-1	0	0	0	0	0	-1
MAOB	0	1	0	0	0	0	0	0	0	0	0	0
C1RL	-1	0	0	0	0	0	-1	0	0	0	0	0
ZNF687	0	0	0	0	0	0	0	0	0	0	0	1
UNC45A	0	0	0	0	1	0	0	0	0	0	0	0
THAP2	0	0	0	0	0	0	0	0	0	0	-1	0
RNF122	0	0	0	0	0	0	0	0	1	0	0	0
MOB3A	0	0	0	-1	0	0	0	0	0	-1	0	1
FAM229B	0	0	0	0	-1	0	0	0	0	0	0	0
ADRA2A	0	0	0	0	1	0	0	0	0	0	0	0
RRP1	0	0	0	0	0	-1	0	0	0	0	0	0
TCP11L2	0	0	0	0	0	1	0	0	0	0	0	0
RASGRP2	0	0	0	0	0	0	0	0	0	0	1	0
PSMD14	0	-1	0	0	0	0	0	0	0	0	0	0
KIDINS220	0	-1	0	0	0	0	0	0	0	0	0	0
GSK3B	0	0	0	0	0	0	0	0	1	0	0	0
USP1	0	0	0	0	0	0	0	0	0	0	-1	0
KLHDC8B	0	0	0	0	1	0	0	0	0	0	0	0
MTERF3	0	0	-1	0	0	0	0	0	0	0	-1	0
CARD10	0	0	0	0	1	0	0	0	0	0	0	0
SCNN1A	0	0	0	0	0	0	0	0	0	0	0	1
ECE1	-1	0	0	0	0	0	0	0	0	0	0	0
RWDD3	0	0	0	0	0	1	0	0	0	0	0	0
PPIL6	0	0	0	0	0	1	0	0	0	0	0	0
ZFC3H1	0	0	0	0	0	0	0	0	1	0	-1	0
LCP1	0	0	0	-1	0	0	0	0	0	0	0	0
GIMAP8	0	0	0	0	0	0	-1	0	0	0	0	0
CARS	0	0	0	0	0	-1	0	0	0	0	0	0
GTPBP2	0	0	0	0	0	1	0	0	0	0	0	0
ACSL3	0	0	0	0	0	-1	0	0	0	0	0	0
TXN2	0	0	0	0	1	-1	0	0	0	0	0	0
PDGFB	0	0	0	1	0	0	0	0	0	0	0	0
HAO1	0	0	0	0	0	0	0	0	0	1	0	0
THAP1	0	0	0	0	0	0	0	0	0	0	-1	0
ZNF536	0	0	0	0	0	0	0	0	0	0	-1	0
TRIP10	0	0	0	0	0	0	0	0	0	0	0	1
WRAP73	0	1	0	0	0	0	0	0	0	0	0	0
MAPK8IP1	0	0	0	0	1	0	0	0	0	0	0	0
GLIPR2	0	0	0	0	0	0	0	0	0	0	1	0
POSTN	0	0	0	-1	0	0	0	0	0	0	0	0
CHRDL1	0	0	0	0	-1	0	0	0	0	0	0	0
MAP1LC3A	0	0	1	0	0	1	0	0	0	0	1	0
VPS13D	0	0	0	0	0	0	0	0	1	0	0	0
SPIRE1	0	0	0	0	1	0	0	0	0	0	0	0
THAP11	0	0	0	0	0	0	0	0	0	0	0	1
KBTBD12	0	0	0	0	0	0	1	0	0	0	0	0
MAD2L2	0	0	0	0	0	0	0	0	0	0	0	1
SAT2	0	0	0	0	0	0	0	0	0	0	1	0
PSAP	0	0	0	0	0	0	0	0	0	0	0	1
VSTM2L	0	0	0	0	0	0	0	0	0	0	1	0
INO80	1	0	0	0	0	0	0	0	0	0	0	0
TMCC3	0	0	0	-1	0	0	0	0	0	0	0	0
SETDB1	0	0	0	0	0	1	0	0	0	0	0	0
TP53INP1	0	0	0	0	-1	0	0	0	0	0	0	0
LYAR	0	0	0	0	0	0	0	0	0	0	-1	0
RASGEF1A	0	0	0	0	0	0	0	0	0	0	1	0
ARMC6	0	0	0	0	1	0	0	0	0	0	0	0
CCDC120	0	0	0	0	1	0	0	0	0	0	0	1
ANKS1A	0	0	0	0	0	0	0	0	0	0	0	1
PARD6A	0	0	0	0	0	0	0	-1	0	0	1	0
ZC3H7A	0	0	0	0	0	1	0	0	0	0	0	0
ATP6AP2	0	-1	0	0	0	0	0	0	0	0	0	0
MATK	0	0	0	0	0	0	0	0	-1	0	1	0
COQ3	0	0	0	0	0	0	0	0	0	0	-1	0
S100A6	0	0	0	0	0	0	0	0	0	0	1	0
DCP1B	0	0	0	0	0	0	0	0	0	0	0	1
AHDC1	0	0	0	0	0	0	1	0	0	0	0	0
PAIP2B	0	0	0	0	-1	0	0	0	0	0	0	0
GSE1	0	0	0	0	0	0	0	0	0	1	0	0
ZFAND4	0	0	0	0	0	0	0	0	0	1	0	0
CREBL2	0	0	0	0	0	1	0	0	0	0	0	0
ALDH4A1	0	0	0	0	0	0	0	0	0	0	1	0
MAN1C1	0	0	0	0	0	1	0	0	0	0	0	0
TADA3	0	0	0	0	0	0	0	0	0	0	0	1
TLR2	-1	0	0	0	0	0	0	0	0	0	1	0
RNPC3	0	0	0	0	-1	0	0	0	0	0	0	0
NIPBL	0	0	0	0	0	0	0	0	1	0	0	0
TMEM109	0	0	0	0	0	1	0	0	0	0	0	0
SLC12A8	1	0	0	0	0	0	0	0	0	0	0	0
VDAC3	0	0	0	0	0	-1	0	0	0	0	0	0
SMIM1	0	0	0	0	1	1	0	0	0	0	1	0
ADHFE1	-1	0	0	0	0	0	-1	0	0	0	0	0
RRS1	0	0	0	0	0	-1	0	0	0	0	0	0
SAE1	0	0	0	0	0	-1	0	0	0	0	0	0
PKIB	-1	0	0	0	0	0	0	0	0	0	0	0
ZNF787	0	0	0	0	1	0	0	0	0	0	0	0
ADGRB2	0	0	0	0	0	0	0	0	0	0	1	0
CPQ	0	0	0	0	0	1	0	0	0	0	0	0
RSRP1	0	0	0	0	0	1	0	0	0	0	0	0
ZNF580	0	0	1	-1	0	0	0	0	0	0	0	0
ATF6B	0	0	0	0	0	0	0	0	0	0	0	1
SLC10A7	0	0	0	0	0	0	0	0	0	0	-1	0
TXLNG	0	-1	-1	-1	-1	0	-1	0	0	0	0	-1
RUNX3	0	0	0	0	0	0	0	0	0	0	1	0
ARHGAP6	-1	0	0	0	0	0	0	0	0	0	0	0
FLNB	0	0	0	0	0	0	0	0	0	1	0	0
TAF13	0	0	0	0	0	-1	0	0	0	0	0	0
C3orf58	0	0	0	0	0	0	-1	0	0	0	0	0
SLC32A1	0	0	1	0	0	0	0	0	0	0	0	0
CAPN10	0	0	0	0	1	0	0	0	0	0	0	1
S1PR4	0	0	0	0	0	0	0	0	-1	0	0	0
RAB11FIP5	-1	0	0	0	0	0	0	0	0	0	0	0
CDKN2AIP	0	0	0	0	0	0	0	0	0	0	-1	0
LDLR	0	0	0	0	0	-1	0	0	0	0	0	0
PLCL1	0	0	0	1	0	0	0	0	0	0	0	0
TMX4	0	0	0	0	0	0	0	0	0	1	0	0
KIAA1671	0	0	0	0	0	1	0	0	0	0	0	0
PTPRN2	0	0	0	0	0	0	1	0	0	0	0	0
RHBDD2	0	0	0	0	0	0	1	0	0	0	0	0
TRIB2	0	0	0	1	0	0	0	0	0	0	0	0
TRIM55	0	-1	0	0	0	0	0	0	0	0	0	0
PANK3	0	0	0	0	0	-1	0	0	0	0	0	0
UFM1	0	0	0	0	0	0	0	0	0	0	-1	0
TRIOBP	0	0	0	0	0	0	0	0	0	0	1	0
ACSM5	-1	0	0	0	0	0	0	0	0	0	0	0
MPPE1	0	0	0	0	0	0	0	0	0	0	0	1
C18orf32	0	0	0	0	0	0	0	0	0	0	0	-1
SEC24D	0	0	-1	0	0	0	0	0	0	0	-1	0
SLC9A9	0	0	0	-1	0	0	0	0	0	0	0	0
SLC35F6	0	0	0	-1	1	0	0	0	-1	0	0	0
ELP6	0	0	0	0	0	-1	0	0	-1	0	0	0
USP3	0	0	0	0	0	0	0	0	1	0	0	0
CNN3	0	0	0	0	-1	0	0	0	0	0	0	0
HAUS6	0	0	0	0	0	0	0	0	0	0	-1	0
RCSD1	-1	0	0	0	-1	0	0	0	0	0	0	0
ALDH1L2	0	0	0	1	0	0	0	0	0	0	0	0
ICAM1	0	0	0	0	0	0	0	0	0	0	0	1
SUSD2	0	0	0	0	0	0	0	0	0	0	1	0
MAPK12	0	0	0	0	0	0	0	0	0	0	1	0
NQO1	0	0	0	0	0	0	0	0	0	0	1	0
FAM160B2	0	0	0	0	0	0	0	0	0	0	0	1
NEFL	0	0	0	0	0	0	0	0	0	0	1	0
THEMIS2	-1	0	0	0	0	0	-1	0	0	0	0	0
MCM9	1	0	0	0	0	0	0	0	0	0	0	0
TRIM35	0	0	0	0	0	-1	0	0	0	0	0	0
GTF2A2	0	0	0	0	0	-1	0	0	0	0	0	0
PCGF5	0	0	0	0	0	-1	0	0	0	0	0	0
FAM184A	0	0	0	0	-1	0	0	0	0	0	0	0
VAMP3	0	0	0	1	0	0	0	0	0	0	0	0
GLRB	0	0	0	0	0	0	0	0	0	0	0	1
KCNH8	0	0	0	0	0	0	0	0	0	0	-1	0
RWDD2B	1	0	0	1	0	0	0	0	0	0	0	0
RASGRP1	0	0	0	0	0	1	0	0	0	0	0	0
TBC1D10B	0	0	0	0	1	0	0	0	0	0	0	0
NADK	0	0	0	-1	0	0	0	0	0	0	0	0
SLC7A8	-1	0	0	0	0	0	0	0	0	0	0	0
DAPK3	0	0	0	0	1	0	0	0	0	0	0	0
CD164	0	0	0	0	0	0	1	0	0	0	0	0
ARRDC2	-1	0	0	0	0	0	0	0	0	0	0	0
RARRES2	-1	0	0	0	0	0	0	0	0	0	0	0
GADD45A	0	0	0	0	0	0	0	0	0	0	1	0
FAM13C	0	0	0	0	0	1	0	0	0	0	0	0
BID	0	0	0	-1	0	0	0	0	0	0	0	0
PUF60	0	0	0	0	1	0	0	0	0	0	0	0
PDGFRL	0	0	0	0	0	1	0	0	0	0	0	0
JAK3	0	0	0	0	0	0	-1	0	0	0	0	0
PNISR	0	0	0	0	0	1	0	0	0	0	0	0
PDGFC	0	0	0	0	0	0	0	0	0	0	1	0
EGFLAM	0	0	0	0	0	0	0	0	0	0	1	0
PIKFYVE	0	0	0	0	-1	0	0	0	0	0	0	0
GUCY1B3	0	0	0	0	1	0	0	0	0	0	0	0
NCDN	0	0	0	0	0	0	0	0	0	-1	0	0
TSPAN9	0	0	0	0	0	0	0	0	0	0	1	0
EHD4	-1	0	0	0	0	0	0	0	0	0	0	0
WDR43	0	0	0	0	0	-1	0	0	0	0	0	0
CMBL	0	0	0	1	0	0	0	0	0	0	0	0
COL4A2	-1	0	0	0	0	0	0	0	0	0	0	0
DHX16	0	0	0	0	0	0	0	0	0	0	-1	0
TLN1	0	0	0	-1	0	0	0	0	0	0	0	0
MITD1	0	0	0	0	0	0	0	0	0	0	-1	0
MBD2	0	-1	0	0	0	0	0	0	0	0	0	0
CECR2	0	0	0	1	0	0	0	0	0	0	0	0
DGCR8	0	0	0	0	1	0	0	0	0	0	0	0
RANBP1	0	0	0	0	0	-1	0	0	0	0	0	0
TNNC2	0	0	0	0	-1	0	0	0	0	0	0	0
TBX3	0	0	0	0	0	0	0	0	0	0	1	0
STK33	0	0	0	0	0	0	1	0	0	0	0	0
MORN4	0	0	0	0	0	1	0	0	0	0	0	0
POLR1C	0	0	0	0	0	-1	0	0	0	0	0	0
IL2RB	0	0	0	0	1	0	0	0	0	0	0	0
FTO	0	0	0	0	0	0	1	0	0	0	0	0
CD244	0	0	0	0	0	1	0	0	0	0	0	0
PPP3CA	0	0	-1	0	0	0	0	0	0	0	0	0
PIM3	0	0	0	-1	0	0	0	0	0	0	0	0
SLC26A6	0	0	0	0	0	1	0	0	0	-1	0	0
TPM2	0	0	0	1	0	0	0	0	0	0	0	0
FADS3	0	0	0	0	0	0	0	0	0	0	1	1
PNMA2	0	0	0	0	0	0	0	0	0	0	0	-1
LOXL2	0	0	0	0	1	-1	0	0	0	0	0	0
HAS3	1	0	0	0	0	0	0	0	0	0	0	0
POLR1B	0	0	0	0	0	0	0	0	0	0	-1	0
SPTBN1	0	0	0	0	0	1	0	0	0	0	1	0
HES7	0	0	0	0	0	0	0	0	0	0	1	0
RHBDD3	0	0	0	0	0	0	0	0	-1	0	1	0
SNTB2	0	0	0	0	-1	0	0	0	0	0	0	0
CREB3L2	0	0	0	0	0	1	0	0	0	0	0	0
HEY1	0	0	0	0	0	0	0	0	0	0	1	0
KLRK1	0	0	0	0	0	1	0	0	0	0	0	0
COPE	0	0	0	0	1	0	0	0	0	0	0	0
CYP27A1	0	0	0	1	0	0	0	0	0	0	1	1
FOXO3	-1	0	0	0	0	0	0	0	0	0	0	0
CHST7	-1	0	0	0	0	0	0	0	0	0	0	-1
PDE6D	0	0	0	0	0	0	0	-1	0	0	0	0
NCKIPSD	-1	0	0	0	0	1	0	0	0	0	0	0
LDB3	0	0	0	1	0	0	0	0	0	0	0	0
ITGB3BP	0	0	0	0	-1	0	0	0	0	0	0	0
COL9A3	0	0	0	0	0	0	0	0	0	0	1	0
EDEM2	0	0	0	-1	0	0	0	0	0	0	0	0
TOM1L2	0	0	0	0	0	1	0	0	0	0	0	0
GPR87	1	0	0	0	0	0	0	0	0	0	0	0
NCAPD2	0	0	0	0	0	0	0	0	0	0	0	1
GIPC1	0	0	0	0	0	0	0	0	0	0	0	1
DDX49	0	0	0	0	0	-1	0	0	0	0	0	0
GREB1	-1	0	0	0	0	0	0	0	0	0	-1	0
CHPT1	0	0	-1	0	0	0	0	0	0	0	0	0
ANKRD34C	0	0	0	0	0	0	0	0	0	0	-1	0
AP1S2	-1	0	0	1	0	0	0	0	0	0	0	0
SGCE	-1	0	0	0	0	0	0	0	0	0	0	0
ALPK1	0	0	0	0	0	0	0	0	0	0	0	1
TIE1	0	0	0	0	1	0	0	0	0	0	0	0
RNF115	0	0	0	1	0	0	0	0	0	0	0	0
SAMSN1	0	0	0	0	0	0	0	1	0	0	1	0
RPRD1A	0	0	0	0	-1	0	0	0	0	0	0	0
GRIA2	0	0	0	0	0	0	0	0	0	0	-1	0
RORA	0	0	0	0	0	1	0	0	0	0	0	-1
PTEN	0	0	0	0	0	0	0	0	1	0	0	0
POPDC2	0	0	0	-1	0	0	0	0	0	0	0	1
TTC26	0	0	0	0	0	0	0	0	0	0	-1	0
APOBEC3H	-1	0	0	0	0	0	0	0	0	0	0	0
MFSD3	0	1	0	0	0	0	0	0	0	0	0	0
LOXL3	0	0	0	0	0	0	0	-1	0	0	1	0
VWA7	0	0	0	1	0	0	0	0	0	0	0	0
TM2D1	0	0	0	0	0	-1	0	0	0	0	0	0
DERL1	0	0	0	-1	0	0	0	0	0	0	0	0
CLCN1	0	0	0	1	0	0	0	0	0	0	0	0
ASCC1	0	0	0	0	-1	0	0	0	0	0	0	0
TNIP2	0	0	0	0	0	0	0	0	0	0	0	1
NCOA4	0	0	0	0	0	-1	0	0	0	0	0	0
CP	-1	0	0	0	0	0	0	0	0	0	0	0
ACSL4	0	0	0	0	0	-1	0	0	0	0	0	0
RPF2	0	0	0	0	0	-1	0	0	0	0	0	0
PIGL	0	0	0	0	-1	0	0	0	0	0	0	0
ABLIM2	0	0	0	0	1	0	0	0	0	0	0	0
FAM207A	0	0	0	0	0	0	0	0	-1	0	0	0
WIF1	0	0	0	0	0	0	0	-1	0	0	0	0
U2SURP	0	0	0	0	0	0	0	0	0	0	0	-1
KLHL14	0	0	0	0	-1	0	0	0	0	0	0	0
DCAF12	0	0	0	0	0	0	0	0	1	0	0	0
FAM227B	0	0	0	0	0	1	0	0	0	0	0	0
GPC1	0	0	0	0	0	0	0	0	0	0	1	0
RASSF7	0	0	0	0	0	0	0	0	0	0	1	0
NXPE3	0	0	0	1	0	0	0	0	0	0	0	0
TNFAIP8L2	0	0	0	0	0	0	0	0	0	-1	0	0
PODXL2	0	0	0	0	1	0	0	0	0	0	0	0
CORO1A	0	0	0	-1	0	0	-1	0	0	0	0	0
TFE3	0	0	0	0	1	0	0	0	0	0	0	0
RET	0	1	0	0	0	0	0	0	0	0	0	0
COL4A1	-1	0	0	0	0	0	0	0	0	0	0	0
BYSL	0	0	0	-1	0	-1	0	0	0	0	0	0
NDE1	0	0	0	0	0	0	0	0	0	0	0	1
SNN	0	0	0	0	0	0	0	0	0	0	1	0
FBXL4	0	0	0	0	-1	0	0	0	0	0	0	0
WASF2	-1	0	0	0	0	0	0	0	0	0	0	0
MARCH8	0	0	0	0	0	0	0	0	0	0	-1	0
HPCAL1	0	0	0	0	0	0	0	0	0	0	1	0
NRG1	0	0	0	0	0	0	0	0	0	-1	0	0
E2F3	0	0	0	0	0	0	0	0	0	0	1	0
MAN1A1	0	0	0	0	-1	0	0	0	0	0	0	0
FGFR1	-1	0	0	0	0	0	0	0	0	0	0	0
CHST2	0	0	0	0	0	-1	0	0	0	0	0	0
KCTD9	0	0	0	0	0	0	0	0	0	0	0	-1
PFKFB1	0	0	0	1	0	0	0	0	0	0	0	0
POLA2	1	0	0	0	0	0	0	0	0	0	0	0
YWHAG	0	0	0	0	0	0	0	0	0	0	0	-1
TTYH3	0	0	0	0	0	0	0	0	0	0	1	0
KIF5A	0	0	-1	0	0	0	0	0	0	0	0	0
KSR2	0	0	0	0	0	0	0	0	0	0	-1	0
SYNCRIP	0	0	0	0	0	0	0	0	0	0	0	-1
AMER2	0	0	0	0	0	0	0	0	0	0	-1	0
AGTRAP	0	0	0	-1	0	0	0	0	0	0	0	0
TRANK1	0	0	0	0	0	0	0	0	0	0	0	1
ARL4A	0	0	0	0	0	0	0	0	0	0	-1	0
NECAP1	0	0	0	0	0	0	0	0	0	0	0	-1
TXNL4B	0	0	0	0	0	0	0	0	0	0	-1	0
FRZB	0	0	0	-1	0	0	0	0	0	0	0	0
AURKB	0	0	0	0	0	0	0	0	0	0	1	0
SAT1	0	0	0	0	0	0	0	0	0	1	0	0
SEMA6C	0	0	0	0	0	0	0	0	0	0	0	1
DENND1C	-1	0	0	0	0	0	0	0	0	0	0	0
APPL1	0	0	0	1	0	0	0	0	0	0	0	0
PYGB	0	0	0	0	1	0	0	0	0	0	0	0
TADA2B	0	0	0	0	0	0	0	0	0	0	0	1
RAMP3	0	0	0	0	0	0	0	0	0	0	1	0
YIPF2	0	-1	0	0	0	0	0	0	0	0	0	0
ZKSCAN8	0	0	0	0	-1	0	0	0	0	0	0	0
SATB1	0	1	0	1	0	0	0	0	0	0	0	0
PLS3	0	0	0	0	0	0	0	0	0	1	0	0
COMTD1	0	0	0	0	1	0	0	0	0	0	0	0
WNT10A	0	0	0	0	0	0	0	0	0	0	1	0
SBNO2	0	0	0	0	1	0	0	0	0	0	1	0
IGFBP5	0	0	0	0	0	0	0	0	0	0	1	0
COL24A1	-1	0	0	0	0	0	0	0	0	0	0	0
ZNF131	0	0	0	0	0	0	0	0	0	0	-1	0
GALNT14	0	0	0	0	0	0	0	0	0	0	-1	0
CLCF1	0	0	0	0	0	-1	0	0	0	0	0	0
GPR146	-1	0	0	0	0	0	0	0	0	0	0	0
KIAA1109	0	0	0	1	0	1	0	0	0	0	0	0
DCHS1	-1	0	0	0	1	0	0	0	0	0	0	0
CNTN2	0	0	0	0	0	0	0	0	0	0	1	0
ELP2	0	0	0	0	-1	0	0	0	0	0	0	0
DPF2	0	0	0	0	0	0	0	0	0	0	-1	0
SLC45A1	0	0	0	0	0	0	0	0	0	0	1	0
ITFG1	0	0	0	1	0	0	0	0	0	0	0	0
ILVBL	0	0	0	0	0	0	0	0	-1	0	0	0
CENPN	0	0	0	0	0	-1	0	0	0	0	0	0
ZFAND2B	0	0	0	0	0	0	-1	0	0	0	0	0
MAP1S	0	0	0	0	1	0	0	0	0	0	0	0
CXorf38	0	0	0	0	-1	0	0	0	0	0	0	0
CCNG2	0	0	0	0	-1	0	0	0	0	0	0	0
CD247	0	0	0	0	0	1	0	0	0	0	0	0
EPHA4	0	0	-1	0	0	0	0	0	0	0	0	0
DAXX	0	0	0	-1	0	0	0	0	0	-1	0	0
KY	0	0	0	0	0	0	1	0	0	0	0	0
CD68	-1	0	0	0	0	0	0	0	0	0	0	0
PLEKHB2	0	0	0	0	0	0	0	0	0	0	0	-1
GAS2L1	0	0	0	-1	0	0	0	0	0	0	0	0
TMEM107	0	0	0	0	0	0	0	-1	0	0	0	0
C14orf93	0	0	1	0	0	0	0	0	0	0	0	1
RASL11A	0	0	0	0	0	0	-1	0	0	0	0	0
USF3	0	0	0	0	0	0	0	0	0	0	-1	0
SIDT1	0	0	0	0	-1	0	0	0	0	0	0	0
HOMER3	0	0	0	0	1	0	0	0	0	0	0	1
POGK	0	0	0	0	0	-1	0	0	0	0	0	0
KIAA0513	0	0	0	0	0	0	0	0	0	0	-1	0
IPO5	0	0	0	0	0	0	0	0	0	0	-1	0
WASF1	-1	0	0	0	0	0	0	0	0	0	0	0
ADGRG1	0	0	0	0	0	0	0	0	0	0	1	0
ZNF205	0	0	0	0	1	0	0	0	0	0	0	1
ANO9	0	0	0	0	0	0	0	0	0	0	1	0
CERS4	1	0	0	0	0	1	0	0	0	0	0	0
INTS9	0	0	0	0	0	0	0	0	0	0	0	1
MAP3K6	0	0	0	-1	0	0	0	0	0	0	0	1
UCHL5	0	0	0	0	0	-1	0	0	0	0	0	0
UNC5B	0	0	0	0	1	0	0	0	0	0	1	0
MEIS2	0	0	0	0	0	0	0	0	1	0	0	0
FBXW9	0	0	0	0	0	0	1	0	0	0	0	0
NNAT	-1	0	0	0	0	0	0	0	0	0	0	0
ADRA2C	0	0	0	0	0	0	0	0	0	0	1	0
GALNT15	0	0	0	0	0	0	0	-1	0	0	0	0
TMEM106C	0	0	0	0	0	1	0	0	0	0	0	0
HCLS1	-1	0	0	0	0	0	0	0	0	0	0	0
COMP	0	0	0	0	0	0	-1	0	0	0	0	0
ACAP3	0	0	1	0	1	0	0	0	0	0	0	0
STEAP2	0	0	-1	0	0	0	0	0	0	0	0	0
HAAO	0	0	0	0	0	1	0	0	0	0	0	0
PKIA	0	0	0	1	0	0	0	0	0	0	0	0
GLI3	0	0	0	0	0	0	0	0	0	0	1	0
CD72	-1	0	0	0	0	0	0	0	0	0	0	0
GTPBP3	0	0	0	0	0	0	0	0	0	0	0	1
COL7A1	0	0	0	0	0	0	0	0	0	0	1	0
SENP7	0	0	0	0	0	0	0	0	0	0	-1	0
SCOC	0	0	0	0	0	0	0	0	0	0	0	-1
MRAP	0	0	0	0	0	0	-1	0	0	0	0	0
VIT	-1	0	0	0	0	0	0	0	0	0	0	0
ZNF318	0	0	0	0	-1	0	0	0	0	0	0	0
HLA-DOB	-1	0	0	0	0	0	0	0	0	0	0	0
GTF2E2	0	0	0	0	0	0	0	0	0	0	0	-1
S1PR1	-1	0	0	0	0	0	0	0	0	0	0	0
URB1	0	0	0	0	0	-1	0	0	0	0	0	0
ITGA4	0	0	0	0	0	1	0	1	0	0	0	0
LEP	-1	0	0	0	0	0	0	0	0	0	0	0
TCF7L1	0	0	0	0	1	0	0	0	1	0	1	0
TMEM154	0	0	0	0	0	0	0	0	0	0	0	-1
HES6	0	0	0	-1	0	0	0	0	0	0	0	0
RNF6	0	0	0	0	0	0	0	0	0	0	0	-1
GNG7	0	0	0	0	0	1	0	0	0	0	0	0
OLFM3	0	0	0	0	0	0	0	0	0	0	-1	0
CERKL	0	0	0	0	0	0	0	0	1	0	0	0
KDM6A	-1	-1	-1	-1	-1	-1	-1	-1	-1	-1	-1	-1
NUDT22	0	1	0	0	0	-1	0	0	0	0	0	1
GSDMD	0	0	0	0	0	0	0	0	0	0	1	1
COTL1	-1	0	0	0	0	0	0	0	0	0	0	0
LMO4	0	0	0	0	0	0	0	0	0	0	1	0
PPM1L	0	0	0	0	0	-1	0	0	0	0	0	0
FERMT3	-1	0	0	-1	0	0	0	0	0	0	0	0
CYLD	0	0	0	0	0	0	1	0	0	0	0	0
RAB43	0	0	0	0	1	0	0	0	0	0	0	0
DOK2	-1	0	0	0	0	0	-1	0	0	0	0	0
COA5	0	0	0	1	0	0	0	0	0	0	0	0
PAQR4	0	0	0	0	0	0	0	0	0	-1	0	0
RGS18	-1	0	0	0	0	0	0	0	0	0	0	0
PIK3R5	-1	0	0	0	0	0	-1	0	0	0	0	0
TSPYL4	0	0	0	0	0	-1	0	0	0	0	0	0
VANGL2	0	0	0	0	0	0	0	0	0	0	1	0
ELAVL4	0	0	0	0	0	0	0	0	0	0	-1	0
TMEM72	0	0	0	0	0	0	0	1	0	0	0	0
STAU2	0	0	0	1	0	0	0	0	0	0	0	0
RASSF4	-1	0	0	0	0	0	0	0	0	0	0	0
BAG4	0	0	0	0	0	0	-1	0	0	0	-1	0
STAR	0	0	0	0	0	-1	0	0	0	0	0	0
USP9X	0	0	0	0	-1	0	0	0	0	0	0	-1
ALG6	0	0	0	0	0	0	0	0	0	0	-1	0
PKNOX1	0	0	0	1	0	0	0	0	0	0	0	0
RIC3	0	0	0	0	0	1	0	0	0	0	0	0
PDSS2	0	0	0	0	0	0	0	0	0	1	0	0
ANXA9	0	0	0	0	0	1	0	0	0	0	0	0
SEC31A	0	0	0	0	0	0	0	0	0	0	-1	0
RGS12	0	0	0	0	1	0	0	0	0	0	0	0
MDFI	0	0	0	0	0	0	0	0	0	0	1	0
FAM20C	0	0	0	0	0	0	0	0	0	0	1	0
ENPP2	0	0	0	-1	0	0	0	0	0	0	0	0
GXYLT2	1	0	0	0	0	0	0	0	0	0	0	0
RGL2	0	0	0	0	0	0	0	0	0	0	0	1
PALMD	0	0	0	0	0	0	0	0	0	0	1	0
GHITM	0	0	0	0	0	-1	0	0	0	0	0	0
BCL7B	0	0	0	0	0	-1	0	0	0	0	0	0
HYKK	0	0	0	0	0	0	0	0	0	0	0	1
P4HTM	0	0	0	0	0	0	0	0	0	-1	0	0
PDGFA	0	0	0	0	0	0	0	0	0	0	1	0
MASTL	0	0	0	0	0	0	0	1	0	0	0	0
PFDN6	0	0	0	0	0	-1	0	0	0	0	0	0
FAM46B	0	-1	0	0	0	0	0	0	0	0	0	0
WDR46	0	0	0	0	0	-1	0	0	0	0	0	0
SLAMF6	0	0	0	0	0	0	-1	0	-1	0	0	0
ACYP2	0	0	0	0	0	0	1	0	0	0	0	0
TRA2B	0	0	0	0	0	0	0	0	0	0	-1	0
ZMAT5	0	0	0	0	0	-1	0	0	0	0	0	1
CD84	-1	0	0	0	-1	0	-1	0	0	0	0	0
GANAB	0	0	0	-1	0	-1	0	0	0	0	0	0
CD274	0	-1	0	0	0	0	0	0	0	0	0	0
RFTN1	-1	0	0	0	0	0	0	0	0	0	0	0
DDB2	0	0	0	0	0	0	0	0	0	0	0	1
SGMS1	0	0	0	0	0	0	1	0	0	0	0	0
NLGN2	0	0	0	0	0	0	0	0	0	0	1	0
MUC1	0	0	0	0	0	0	0	0	0	0	1	0
ZDHHC21	0	0	0	0	-1	0	0	0	0	0	0	0
NEMP1	0	0	0	0	0	1	0	0	0	0	0	0
GLI1	0	0	0	0	0	0	0	0	0	0	1	0
CLEC7A	-1	0	0	0	0	0	0	0	0	0	1	0
FAM217B	0	0	0	0	0	0	0	0	0	0	-1	0
OXNAD1	0	0	0	0	0	-1	0	0	0	0	0	0
GAS6	-1	0	0	0	0	0	0	0	0	-1	0	0
USP10	0	0	0	0	0	0	0	0	0	0	-1	0
SEMA3F	0	0	0	0	1	0	0	0	0	0	1	0
HSP90B1	0	0	0	0	0	-1	0	0	0	0	0	0
PLA2G2D	0	0	0	0	0	0	0	1	0	0	0	0
CAPN7	0	0	0	0	-1	0	0	0	0	0	0	0
PLD1	1	0	0	0	0	1	0	0	0	0	0	0
CCDC117	0	0	0	0	0	0	0	0	1	0	-1	0
CHP2	0	0	0	0	0	0	0	1	1	0	0	0
PDZRN3	0	1	0	0	0	0	0	0	0	0	0	0
SGTA	0	0	0	0	1	0	0	0	0	0	0	0
TAX1BP1	0	0	-1	0	0	0	0	0	0	0	0	0
DLGAP3	0	0	0	0	0	0	0	0	0	0	1	0
UBE2A	0	0	0	0	0	0	0	0	0	0	-1	-1
ALG12	0	0	0	-1	0	0	0	0	0	0	0	0
PRDM5	0	0	0	0	0	0	0	0	0	0	-1	0
NMD3	0	0	0	0	0	0	0	0	0	0	-1	0
MARS	0	0	0	1	0	0	0	0	0	0	0	0
CCT8	0	-1	0	0	0	-1	0	0	0	0	0	0
ZC3H6	0	0	0	0	-1	0	0	0	0	0	0	0
RBM38	0	1	0	0	0	0	0	0	0	0	1	1
PIM2	0	0	0	0	0	0	0	1	0	0	0	0
TST	0	0	0	0	1	0	0	0	0	0	1	0
SLC25A44	0	0	0	0	0	-1	0	0	0	0	0	0
PADI4	0	0	0	0	0	-1	0	0	0	0	0	0
TYRO3	0	0	0	0	0	0	0	0	0	0	1	0
PRKCB	0	0	0	0	0	0	-1	0	0	0	0	0
JAZF1	0	0	0	0	0	0	0	0	0	0	-1	0
POLB	0	0	0	0	0	0	0	0	1	0	0	0
ACP1	0	0	0	0	0	-1	0	0	0	0	0	0
DENND5A	0	0	0	0	0	1	0	0	0	0	0	0
CAD	0	0	0	0	0	0	0	0	0	0	0	1
ZFYVE28	-1	0	0	0	0	0	0	0	0	0	0	0
EFS	0	0	0	0	1	0	0	0	0	0	0	0
RIF1	0	0	0	0	-1	0	0	1	0	0	-1	0
ABCE1	0	0	0	0	0	-1	0	0	0	0	0	-1
SLCO2A1	-1	0	0	0	0	0	0	0	0	0	0	0
BBS10	0	0	0	0	-1	0	0	0	0	0	-1	0
UBXN8	0	0	0	0	0	0	0	0	0	1	0	0
FCHO1	0	0	1	0	0	0	0	0	0	0	0	0
SIGIRR	0	0	0	0	0	0	0	0	0	0	1	0
SNX12	0	0	0	0	0	0	0	0	0	-1	0	0
WAS	-1	0	0	0	0	0	0	0	0	0	0	0
LRP6	0	0	0	1	0	0	0	0	0	0	0	0
SREBF1	0	0	0	0	0	-1	0	0	0	0	1	0
DGKA	0	0	0	0	0	1	0	0	0	0	0	0
PLVAP	0	0	0	0	0	0	0	-1	0	0	0	0
ABCC10	0	0	0	0	0	0	0	0	0	0	-1	0
FMO2	0	0	0	0	0	0	0	0	0	-1	0	0
TPMT	0	-1	0	0	0	0	0	0	0	0	0	0
DDAH2	0	0	0	0	1	0	0	0	0	0	1	1
DNAJC17	0	0	0	0	0	0	0	0	0	1	0	1
FGF11	0	0	0	0	0	0	0	0	0	0	0	1
FOXO4	0	0	0	0	0	1	0	0	0	0	0	0
LAG3	0	0	0	0	0	1	0	0	0	0	0	0
BST2	0	0	0	0	1	0	0	0	0	0	0	0
KCNJ4	0	0	1	0	0	0	0	0	0	0	0	0
DDX17	0	0	0	0	0	0	0	0	0	0	-1	0
TOP3B	0	0	0	0	0	0	-1	0	0	0	0	0
CCDC107	-1	0	0	0	0	-1	0	0	0	0	0	0
MANBAL	0	0	0	-1	0	0	0	0	0	0	0	0
PALD1	0	0	0	0	0	0	0	0	0	0	1	0
STXBP6	0	0	0	0	0	1	0	0	0	0	0	0
OBSL1	0	0	0	0	0	0	0	0	0	0	1	0
RGS2	0	0	0	0	0	-1	0	0	0	0	0	0
LRRC43	0	0	0	0	0	0	0	0	0	0	1	1
MTERF2	0	0	-1	0	0	0	0	0	0	0	0	1
FBLN1	0	1	0	0	0	0	0	0	0	0	0	0
EVA1C	0	0	0	0	0	0	0	-1	0	0	0	0
TMEM263	0	0	0	0	0	0	0	0	0	0	-1	0
PRF1	0	0	0	0	0	0	0	1	0	0	0	0
PDLIM2	0	0	0	0	0	1	0	0	0	0	1	0
CLPP	0	0	0	0	0	-1	0	0	0	0	0	0
SUV39H1	0	0	1	0	0	0	0	0	0	0	0	0
HSD17B12	0	0	0	0	0	-1	0	0	0	1	0	0
SRGAP1	-1	0	0	0	0	0	0	0	0	0	0	0
CHD2	0	0	0	1	0	0	0	0	0	0	0	0
EXTL3	0	0	0	0	1	0	0	0	0	0	0	0
TSSC4	0	0	0	0	1	-1	0	0	0	0	0	0
RPH3AL	0	0	0	0	-1	0	0	0	0	0	0	0
SLCO4A1	-1	0	0	0	0	0	0	0	0	0	0	0
FAM83H	0	0	0	0	1	0	0	0	0	0	0	0
DDX3X	-1	-1	-1	-1	-1	-1	-1	-1	-1	-1	-1	-1
TAPBPL	0	0	0	0	0	1	0	0	0	0	0	1
MAD2L1BP	0	0	0	0	0	-1	0	0	0	0	0	0
BIN1	0	0	0	1	0	0	0	0	0	0	0	0
NOVA1	0	0	0	0	-1	0	0	0	0	0	-1	0
CCDC92	0	0	0	1	0	0	0	0	0	0	0	0
ZNF664	0	0	0	0	0	0	0	0	0	0	-1	0
GALM	0	0	0	-1	0	0	0	0	0	0	0	0
CTSB	0	0	0	0	0	0	0	0	0	0	1	0
NTN1	-1	0	0	0	0	0	0	0	0	0	0	0
FAM83B	0	0	0	0	0	0	0	1	0	0	0	0
TMED1	0	0	0	0	1	0	0	0	0	0	0	0
DNAJC15	0	0	0	0	0	-1	0	0	0	0	0	0
AMOT	0	0	0	0	0	1	0	0	0	0	0	0
ROGDI	0	0	1	0	0	0	0	0	0	0	0	0
SGCG	0	0	0	1	0	0	0	0	0	0	0	0
AGL	0	0	0	1	0	0	0	0	0	0	0	0
SRC	0	0	0	0	1	0	0	0	0	0	0	0
DOK7	0	0	0	0	0	0	0	0	0	0	-1	0
VSIG10	0	1	0	1	0	0	0	0	0	0	0	0
ARHGEF19	0	0	0	0	0	-1	0	0	0	0	0	0
TBX6	0	0	0	0	0	0	0	0	0	0	0	1
ARHGAP15	0	0	0	0	0	1	0	0	0	0	0	0
LRPAP1	0	0	0	0	0	0	0	0	0	0	1	0
RIC1	0	0	0	0	-1	0	0	0	0	0	0	0
OGFR	0	0	0	0	1	0	0	0	0	0	0	0
ENOX1	0	0	0	-1	0	1	0	0	0	0	0	0
DDR1	0	0	0	0	0	0	0	0	0	0	0	1
C12orf66	0	0	0	0	-1	0	0	0	0	0	0	0
CCSER2	0	0	0	0	0	0	1	0	0	0	0	0
RB1CC1	0	0	0	0	0	0	0	0	1	0	0	0
SLAMF7	0	0	0	0	0	0	0	1	0	0	0	0
MYH7	0	1	0	0	0	0	0	0	0	0	0	0
NRTN	0	0	0	0	0	0	0	-1	0	0	0	0
LPCAT3	0	0	0	0	1	-1	0	0	0	0	0	0
KREMEN1	0	0	0	0	0	0	0	0	0	0	0	1
ANKRD44	-1	0	0	0	0	0	0	0	0	0	0	0
ACP2	0	0	0	0	0	0	0	0	0	1	0	0
YPEL3	0	0	0	0	0	0	0	0	0	0	0	1
ARHGEF10L	0	0	0	0	0	0	0	0	0	0	1	0
TCTN1	0	0	0	0	0	1	1	0	0	0	0	0
ZMYM1	0	0	0	0	0	0	0	0	0	0	-1	0
NR1H3	0	0	0	-1	1	0	0	0	0	0	0	1
MYC	0	0	0	0	0	-1	0	0	0	0	0	0
HEPACAM2	0	0	0	0	0	0	0	0	0	0	-1	0
MUL1	0	0	0	0	1	-1	0	0	0	0	0	0
C2orf40	0	0	0	0	0	0	1	0	0	0	0	0
ENTPD6	-1	0	0	0	0	0	0	0	0	0	0	0
PRICKLE3	0	0	0	-1	0	0	0	0	0	0	0	0
UQCRC1	0	0	0	0	1	0	0	0	0	0	0	0
BOC	0	0	0	0	0	0	0	0	0	0	1	0
CA2	0	0	0	1	0	0	0	0	0	0	0	0
PKN1	0	0	0	0	0	1	0	0	0	0	0	0
LRP1	-1	0	0	0	0	0	0	0	0	0	0	0
LRP2	0	0	0	0	0	0	1	0	0	0	0	0
ALOX5	-1	0	0	0	0	0	-1	0	0	0	0	0
RNF144B	0	0	0	1	0	0	0	0	0	0	0	0
TCEAL1	0	0	0	0	0	0	0	0	0	0	0	1
SRSF7	0	0	0	0	0	-1	0	0	0	0	0	0
RBBP6	0	0	0	0	0	0	0	0	1	0	0	0
UBTD1	0	0	0	0	0	0	0	0	0	0	1	1
C19orf44	0	0	0	0	0	0	0	0	0	0	-1	0
CACNA2D1	0	0	0	1	0	0	0	0	0	0	0	0
ID4	0	0	0	0	0	0	0	0	0	0	1	0
NDUFAF2	0	0	0	1	0	-1	0	0	0	0	0	0
P3H3	0	0	0	0	1	0	0	0	0	0	0	0
MED12	0	1	0	0	0	0	0	0	0	0	-1	0
ZNF282	0	0	0	0	0	0	0	0	0	0	0	1
SHF	0	0	0	0	0	1	0	0	0	0	0	0
PRRT4	0	0	0	0	0	-1	0	0	0	0	0	0
DDOST	0	0	0	0	0	0	1	0	0	0	0	0
ARHGEF10	-1	0	0	0	0	1	0	0	0	0	0	0
SPDYA	0	0	0	0	0	0	0	0	1	0	0	0
EMID1	0	0	0	0	1	0	0	0	0	0	0	0
IRS2	0	0	0	0	-1	0	0	0	0	0	0	0
WAPL	1	0	0	0	0	0	0	0	0	0	0	0
LMO1	0	0	0	1	0	0	0	0	0	0	0	0
SALL1	0	0	0	0	0	0	0	0	0	-1	0	0
SOCS1	-1	0	0	0	0	0	-1	0	0	0	0	0
PAPOLG	0	0	0	0	0	0	0	0	0	0	-1	0
DDX3Y	1	1	1	1	1	1	0	1	1	1	1	1
UTY	1	1	1	1	1	1	1	1	1	1	1	1
KDM5D	1	1	1	1	1	1	1	1	1	1	1	1
ZFX	0	0	-1	0	-1	0	0	0	0	0	-1	-1